9.300000e-01, 1.275771e-02, 4.445854e-03, 3.992291e-03, 4.319569e-03, 1.539491e-03, 5.129425e-03, 1.803503e-03, 4.285296e-03
9.305000e-01, 1.308134e-02, 4.306801e-03, 4.391213e-03, 4.383331e-03, 1.724199e-03, 5.314116e-03, 1.711151e-03, 4.331879e-03
9.310000e-01, 1.392363e-02, 4.870751e-03, 4.712668e-03, 4.340213e-03, 1.975088e-03, 5.000381e-03, 1.674135e-03, 5.274029e-03
9.315000e-01, 1.294300e-02, 4.600074e-03, 3.859464e-03, 4.483459e-03, 1.770631e-03, 4.738243e-03, 1.508294e-03, 4.925829e-03
9.320000e-01, 1.286174e-02, 4.453918e-03, 4.054140e-03, 4.353684e-03, 1.730420e-03, 5.142386e-03, 1.525460e-03, 4.463477e-03
9.325000e-01, 1.353806e-02, 3.963388e-03, 4.803835e-03, 4.770837e-03, 1.619119e-03, 5.330128e-03, 1.558311e-03, 5.030503e-03
9.330000e-01, 1.413467e-02, 4.661088e-03, 4.414971e-03, 5.058611e-03, 1.597235e-03, 5.526594e-03, 1.783281e-03, 5.227560e-03
9.335000e-01, 1.311929e-02, 3.791588e-03, 4.665216e-03, 4.662486e-03, 1.703778e-03, 4.777559e-03, 1.696391e-03, 4.941562e-03
9.340000e-01, 1.320564e-02, 4.222330e-03, 4.642987e-03, 4.340327e-03, 1.618201e-03, 4.444403e-03, 1.619672e-03, 5.523369e-03
9.345000e-01, 1.370683e-02, 4.672326e-03, 4.695242e-03, 4.339263e-03, 1.773800e-03, 5.269292e-03, 1.546086e-03, 5.117654e-03
9.350000e-01, 1.362556e-02, 4.485461e-03, 4.572254e-03, 4.567841e-03, 1.536996e-03, 5.279493e-03, 1.858024e-03, 4.951043e-03
9.355000e-01, -1.204340e-02, 3.957704e-03, 4.444718e-03, -2.044582e-02, -6.198180e-03, 1.499047e-04, -6.157406e-03, 1.622821e-04
9.360000e-01, -1.091050e-01, -4.437560e-02, -2.044986e-02, -4.427950e-02, -3.074391e-02, -2.356468e-02, -3.046496e-02, -2.433140e-02
9.365000e-01, -8.445560e-02, -2.054693e-02, -4.422750e-02, -1.968116e-02, -2.621097e-02, -1.602647e-02, -2.590500e-02, -1.631316e-02
9.370000e-01, -1.827969e-01, -6.882857e-02, -6.947224e-02, -4.449612e-02, -5.043739e-02, -4.071957e-02, -5.062365e-02, -4.101631e-02
9.375000e-01, -2.073888e-01, -6.935874e-02, -6.903128e-02, -6.899880e-02, -5.844261e-02, -4.546876e-02, -5.863681e-02, -4.484064e-02
9.380000e-01, -1.811152e-01, -6.829081e-02, -6.863047e-02, -4.419396e-02, -5.080327e-02, -3.991363e-02, -5.035940e-02, -4.003895e-02
9.385000e-01, -2.066130e-01, -6.903563e-02, -6.881672e-02, -6.876062e-02, -5.835910e-02, -4.509232e-02, -5.828005e-02, -4.488151e-02
9.390000e-01, -2.080428e-01, -6.948851e-02, -6.912040e-02, -6.943390e-02, -5.814353e-02, -4.584089e-02, -5.839526e-02, -4.566311e-02
9.395000e-01, -2.056300e-01, -6.818036e-02, -6.793302e-02, -6.951663e-02, -5.836912e-02, -4.441813e-02, -5.825633e-02, -4.458642e-02
9.400000e-01, -2.064859e-01, -6.913992e-02, -6.849056e-02, -6.885541e-02, -5.815444e-02, -4.521836e-02, -5.827608e-02, -4.483702e-02
9.405000e-01, -2.071111e-01, -6.903906e-02, -6.863677e-02, -6.943523e-02, -5.840391e-02, -4.483533e-02, -5.863276e-02, -4.523908e-02
9.410000e-01, -2.058192e-01, -6.859842e-02, -6.834539e-02, -6.887537e-02, -5.822003e-02, -4.480381e-02, -5.867295e-02, -4.412240e-02
9.415000e-01, -2.062380e-01, -6.822800e-02, -6.880221e-02, -6.920784e-02, -5.847186e-02, -4.466325e-02, -5.828631e-02, -4.481662e-02
9.420000e-01, -2.071590e-01, -6.959020e-02, -6.897440e-02, -6.859441e-02, -5.830178e-02, -4.542785e-02, -5.825298e-02, -4.517640e-02
9.425000e-01, -2.076361e-01, -6.943800e-02, -6.930658e-02, -6.889152e-02, -5.846089e-02, -4.582358e-02, -5.847407e-02, -4.487757e-02
9.430000e-01, -2.070058e-01, -6.886030e-02, -6.926267e-02, -6.888288e-02, -5.855507e-02, -4.468156e-02, -5.825974e-02, -4.550948e-02
9.435000e-01, -2.065570e-01, -6.890666e-02, -6.840804e-02, -6.924234e-02, -5.828289e-02, -4.524606e-02, -5.842260e-02, -4.460549e-02
9.440000e-01, -2.067064e-01, -6.890978e-02, -6.883545e-02, -6.896121e-02, -5.834863e-02, -4.476463e-02, -5.828412e-02, -4.530905e-02
9.445000e-01, -2.060690e-01, -6.836787e-02, -6.832258e-02, -6.937852e-02, -5.801479e-02, -4.507082e-02, -5.841673e-02, -4.456663e-02
9.450000e-01, -2.066206e-01, -6.902423e-02, -6.851189e-02, -6.908446e-02, -5.839141e-02, -4.508504e-02, -5.837570e-02, -4.476843e-02
9.455000e-01, -2.068241e-01, -6.915407e-02, -6.873897e-02, -6.893104e-02, -5.837843e-02, -4.508228e-02, -5.822515e-02, -4.513822e-02
9.460000e-01, -2.064315e-01, -6.853041e-02, -6.911763e-02, -6.878343e-02, -5.845286e-02, -4.450781e-02, -5.818994e-02, -4.528085e-02
9.465000e-01, -2.070557e-01, -6.875331e-02, -6.951879e-02, -6.878366e-02, -5.846790e-02, -4.564914e-02, -5.830119e-02, -4.463751e-02
9.470000e-01, -2.054547e-01, -6.835113e-02, -6.862727e-02, -6.847633e-02, -5.843038e-02, -4.415172e-02, -5.837049e-02, -4.450214e-02
9.475000e-01, -2.073481e-01, -6.852649e-02, -6.949612e-02, -6.932548e-02, -5.823717e-02, -4.534532e-02, -5.831035e-02, -4.545523e-02
9.480000e-01, -2.059403e-01, -6.899434e-02, -6.817427e-02, -6.877167e-02, -5.835623e-02, -4.484576e-02, -5.833623e-02, -4.440206e-02
9.485000e-01, -2.064473e-01, -6.859681e-02, -6.943750e-02, -6.841298e-02, -5.824246e-02, -4.493115e-02, -5.838474e-02, -4.488894e-02
9.490000e-01, -2.075874e-01, -6.935282e-02, -6.918452e-02, -6.905007e-02, -5.843724e-02, -4.512714e-02, -5.831685e-02, -4.570619e-02
9.495000e-01, -2.068776e-01, -6.917096e-02, -6.892358e-02, -6.878303e-02, -5.831079e-02, -4.519231e-02, -5.853922e-02, -4.483525e-02
9.500000e-01, -2.069935e-01, -6.883372e-02, -6.887067e-02, -6.928907e-02, -5.857111e-02, -4.475615e-02, -5.833518e-02, -4.533102e-02
9.505000e-01, -2.062996e-01, -6.904308e-02, -6.872979e-02, -6.852671e-02, -5.817670e-02, -4.446489e-02, -5.835264e-02, -4.530535e-02
9.510000e-01, -2.065239e-01, -6.894208e-02, -6.872074e-02, -6.886104e-02, -5.845148e-02, -4.541221e-02, -5.831795e-02, -4.434223e-02
9.515000e-01, -2.059122e-01, -6.858024e-02, -6.854681e-02, -6.878514e-02, -5.845087e-02, -4.500317e-02, -5.810430e-02, -4.435386e-02
9.520000e-01, -2.066013e-01, -6.929844e-02, -6.888144e-02, -6.842137e-02, -5.827244e-02, -4.524749e-02, -5.828790e-02, -4.479342e-02
9.525000e-01, -2.065475e-01, -6.908258e-02, -6.882083e-02, -6.864409e-02, -5.827266e-02, -4.489437e-02, -5.825523e-02, -4.512525e-02
9.530000e-01, -2.059788e-01, -6.895743e-02, -6.834702e-02, -6.867438e-02, -5.834400e-02, -4.480251e-02, -5.828449e-02, -4.454782e-02
9.535000e-01, -2.067484e-01, -6.934086e-02, -6.872706e-02, -6.868051e-02, -5.801446e-02, -4.545071e-02, -5.814183e-02, -4.514143e-02
9.540000e-01, -2.064634e-01, -6.880205e-02, -6.873963e-02, -6.892166e-02, -5.846877e-02, -4.425559e-02, -5.859030e-02, -4.514869e-02
9.545000e-01, -2.069398e-01, -6.890263e-02, -6.885167e-02, -6.918550e-02, -5.837612e-02, -4.500169e-02, -5.832238e-02, -4.523962e-02
9.550000e-01, -2.065748e-01, -6.951990e-02, -6.842127e-02, -6.863359e-02, -5.819560e-02, -4.454377e-02, -5.862782e-02, -4.520756e-02
9.555000e-01, -2.072832e-01, -6.909990e-02, -6.946708e-02, -6.871622e-02, -5.846487e-02, -4.485995e-02, -5.822122e-02, -4.573716e-02
9.560000e-01, -2.070984e-01, -6.930198e-02, -6.876540e-02, -6.903105e-02, -5.847477e-02, -4.485244e-02, -5.864802e-02, -4.512319e-02
9.565000e-01, -2.064932e-01, -6.904839e-02, -6.873628e-02, -6.870849e-02, -5.799306e-02, -4.578297e-02, -5.797578e-02, -4.474135e-02
9.570000e-01, -2.072297e-01, -6.957720e-02, -6.882357e-02, -6.882895e-02, -5.839232e-02, -4.557366e-02, -5.840915e-02, -4.485459e-02
9.575000e-01, -2.069353e-01, -6.892442e-02, -6.905473e-02, -6.895619e-02, -5.820684e-02, -4.498917e-02, -5.838910e-02, -4.535023e-02
9.580000e-01, -2.070636e-01, -6.937206e-02, -6.909777e-02, -6.859379e-02, -5.826097e-02, -4.517156e-02, -5.810355e-02, -4.552753e-02
9.585000e-01, -2.070875e-01, -6.902138e-02, -6.916058e-02, -6.890554e-02, -5.833289e-02, -4.533711e-02, -5.840632e-02, -4.501117e-02
9.590000e-01, -2.073647e-01, -6.884232e-02, -6.924012e-02, -6.928224e-02, -5.835849e-02, -4.589050e-02, -5.822054e-02, -4.489516e-02
9.595000e-01, -2.063131e-01, -6.884515e-02, -6.905525e-02, -6.841273e-02, -5.851322e-02, -4.504827e-02, -5.817381e-02, -4.457783e-02
9.600000e-01, -2.065139e-01, -6.945648e-02, -6.826335e-02, -6.879404e-02, -5.824660e-02, -4.495380e-02, -5.831754e-02, -4.499594e-02
9.605000e-01, -2.076453e-01, -6.924564e-02, -6.908064e-02, -6.931901e-02, -5.826838e-02, -4.542780e-02, -5.853599e-02, -4.541313e-02
9.610000e-01, -2.058057e-01, -6.836359e-02, -6.886733e-02, -6.857475e-02, -5.830912e-02, -4.465289e-02, -5.834583e-02, -4.449784e-02
9.615000e-01, -2.061333e-01, -6.870293e-02, -6.873696e-02, -6.869337e-02, -5.836877e-02, -4.495212e-02, -5.834650e-02, -4.446587e-02
9.620000e-01, -2.061457e-01, -6.857044e-02, -6.877739e-02, -6.879792e-02, -5.832938e-02, -4.460944e-02, -5.832383e-02, -4.488310e-02
9.625000e-01, -2.060774e-01, -6.882331e-02, -6.878813e-02, -6.846600e-02, -5.829282e-02, -4.471424e-02, -5.817422e-02, -4.489615e-02
9.630000e-01, -2.069082e-01, -6.885507e-02, -6.922068e-02, -6.883245e-02, -5.826227e-02, -4.454451e-02, -5.859941e-02, -4.550201e-02
9.635000e-01, -2.077391e-01, -6.923316e-02, -6.981546e-02, -6.869044e-02, -5.843323e-02, -4.520795e-02, -5.852852e-02, -4.556936e-02
9.640000e-01, -2.068589e-01, -6.869736e-02, -6.877753e-02, -6.938403e-02, -5.825322e-02, -4.510777e-02, -5.851630e-02, -4.498162e-02
9.645000e-01, -2.070565e-01, -6.917024e-02, -6.878212e-02, -6.910418e-02, -5.816392e-02, -4.531743e-02, -5.837650e-02, -4.519869e-02
9.650000e-01, -2.066166e-01, -6.873314e-02, -6.882023e-02, -6.906323e-02, -5.839328e-02, -4.501823e-02, -5.839868e-02, -4.480643e-02
9.655000e-01, -2.070505e-01, -6.904407e-02, -6.895070e-02, -6.905568e-02, -5.812387e-02, -4.514757e-02, -5.841181e-02, -4.536720e-02
9.660000e-01, -2.062001e-01, -6.900410e-02, -6.898432e-02, -6.821165e-02, -5.825365e-02, -4.456969e-02, -5.827737e-02, -4.509936e-02
9.665000e-01, -2.078493e-01, -6.898884e-02, -6.950864e-02, -6.935177e-02, -5.836709e-02, -4.521391e-02, -5.852831e-02, -4.573994e-02
9.670000e-01, -2.064126e-01, -6.914500e-02, -6.876616e-02, -6.850147e-02, -5.834208e-02, -4.468686e-02, -5.829013e-02, -4.509356e-02
9.675000e-01, -2.061576e-01, -6.847497e-02, -6.828406e-02, -6.939857e-02, -5.847823e-02, -4.448579e-02, -5.840453e-02, -4.478904e-02
9.680000e-01, -2.061065e-01, -6.830336e-02, -6.880832e-02, -6.899484e-02, -5.807129e-02, -4.479152e-02, -5.829829e-02, -4.494542e-02
9.685000e-01, -2.083217e-01, -6.957273e-02, -6.940677e-02, -6.934220e-02, -5.829096e-02, -4.562543e-02, -5.836645e-02, -4.603887e-02
9.690000e-01, -2.057737e-01, -6.838693e-02, -6.885760e-02, -6.852918e-02, -5.839114e-02, -4.455635e-02, -5.809039e-02, -4.473583e-02
9.695000e-01, -2.072755e-01, -6.878860e-02, -6.879753e-02, -6.968937e-02, -5.836707e-02, -4.489119e-02, -5.836486e-02, -4.565238e-02
9.700000e-01, -2.062479e-01, -6.924977e-02, -6.883854e-02, -6.815959e-02, -5.843480e-02, -4.449933e-02, -5.845757e-02, -4.485620e-02
9.705000e-01, -2.070282e-01, -6.950370e-02, -6.879248e-02, -6.873206e-02, -5.826549e-02, -4.509000e-02, -5.809288e-02, -4.557987e-02
9.710000e-01, -2.075038e-01, -6.888099e-02, -6.924924e-02, -6.937358e-02, -5.849433e-02, -4.542421e-02, -5.839612e-02, -4.518915e-02
9.715000e-01, -2.060269e-01, -6.826354e-02, -6.862947e-02, -6.913386e-02, -5.821948e-02, -4.487076e-02, -5.824823e-02, -4.468840e-02
9.720000e-01, -2.068141e-01, -6.887339e-02, -6.836283e-02, -6.957791e-02, -5.839304e-02, -4.506565e-02, -5.848068e-02, -4.487475e-02
9.725000e-01, -2.070991e-01, -6.884258e-02, -6.904760e-02, -6.920888e-02, -5.829015e-02, -4.519182e-02, -5.820656e-02, -4.541053e-02
9.730000e-01, -2.070836e-01, -6.907386e-02, -6.905298e-02, -6.895677e-02, -5.833948e-02, -4.525756e-02, -5.843719e-02, -4.504938e-02
9.735000e-01, -2.072991e-01, -6.858389e-02, -6.946297e-02, -6.925222e-02, -5.845489e-02, -4.550633e-02, -5.820954e-02, -4.512833e-02
9.740000e-01, -2.062881e-01, -6.831395e-02, -6.925677e-02, -6.871738e-02, -5.846437e-02, -4.458704e-02, -5.860509e-02, -4.463159e-02
9.745000e-01, -2.058917e-01, -6.882964e-02, -6.869540e-02, -6.836664e-02, -5.840220e-02, -4.460742e-02, -5.820584e-02, -4.467622e-02
9.750000e-01, -2.074943e-01, -6.959435e-02, -6.913102e-02, -6.876897e-02, -5.833301e-02, -4.494574e-02, -5.843125e-02, -4.578432e-02
9.755000e-01, -2.060903e-01, -6.902636e-02, -6.821070e-02, -6.885322e-02, -5.820822e-02, -4.451611e-02, -5.843835e-02, -4.492760e-02
9.760000e-01, -2.061359e-01, -6.891610e-02, -6.872762e-02, -6.849216e-02, -5.824774e-02, -4.442121e-02, -5.856415e-02, -4.490278e-02
9.765000e-01, -2.064326e-01, -6.912465e-02, -6.871055e-02, -6.859736e-02, -5.823004e-02, -4.486246e-02, -5.864941e-02, -4.469066e-02
9.770000e-01, -2.063824e-01, -6.877587e-02, -6.875656e-02, -6.884994e-02, -5.828059e-02, -4.485389e-02, -5.828556e-02, -4.496234e-02
9.775000e-01, -2.058153e-01, -6.837758e-02, -6.893845e-02, -6.849929e-02, -5.818973e-02, -4.448540e-02, -5.815343e-02, -4.498676e-02
9.780000e-01, -2.072734e-01, -6.920697e-02, -6.936245e-02, -6.870395e-02, -5.820667e-02, -4.577918e-02, -5.825905e-02, -4.502848e-02
9.785000e-01, -2.310001e-01, -9.306224e-02, -6.945580e-02, -6.848208e-02, -6.294285e-02, -5.297502e-02, -6.263857e-02, -5.244368e-02
9.790000e-01, -2.310729e-01, -6.879111e-02, -9.283804e-02, -6.944378e-02, -6.277341e-02, -5.248377e-02, -6.271410e-02, -5.310166e-02
9.795000e-01, -2.074817e-01, -6.912357e-02, -6.898361e-02, -6.937448e-02, -5.803269e-02, -4.525425e-02, -5.847090e-02, -4.572382e-02
9.800000e-01, -2.552450e-01, -9.291368e-02, -9.324894e-02, -6.908243e-02, -6.724209e-02, -6.098164e-02, -6.701655e-02, -6.000477e-02
9.805000e-01, -2.303196e-01, -9.268320e-02, -6.872338e-02, -6.891302e-02, -6.277420e-02, -5.193434e-02, -6.288267e-02, -5.272840e-02
9.810000e-01, -2.791226e-01, -9.312613e-02, -9.302687e-02, -9.296960e-02, -7.186961e-02, -6.767068e-02, -7.159025e-02, -6.799205e-02
9.815000e-01, -2.313696e-01, -9.270856e-02, -6.895760e-02, -6.970341e-02, -6.306088e-02, -5.243550e-02, -6.280003e-02, -5.307316e-02
9.820000e-01, -2.797563e-01, -9.287492e-02, -9.341168e-02, -9.346968e-02, -7.143593e-02, -6.810865e-02, -7.175832e-02, -6.845338e-02
9.825000e-01, -2.560140e-01, -9.315413e-02, -6.896455e-02, -9.389537e-02, -6.703750e-02, -6.085155e-02, -6.733233e-02, -6.079267e-02
9.830000e-01, -2.808280e-01, -9.383054e-02, -9.354952e-02, -9.344798e-02, -7.172992e-02, -6.857094e-02, -7.147030e-02, -6.905689e-02
9.835000e-01, -2.795122e-01, -9.315467e-02, -9.358336e-02, -9.277418e-02, -7.160182e-02, -6.841409e-02, -7.166082e-02, -6.783548e-02
9.840000e-01, -2.804464e-01, -9.326807e-02, -9.319754e-02, -9.398074e-02, -7.192073e-02, -6.891913e-02, -7.154220e-02, -6.806430e-02
9.845000e-01, -2.795554e-01, -9.305513e-02, -9.313720e-02, -9.336305e-02, -7.144505e-02, -6.792776e-02, -7.153493e-02, -6.864764e-02
9.850000e-01, -2.792156e-01, -9.288661e-02, -9.316678e-02, -9.316217e-02, -7.167404e-02, -6.795974e-02, -7.179593e-02, -6.778586e-02
9.855000e-01, -2.793176e-01, -9.346494e-02, -9.278809e-02, -9.306462e-02, -7.176493e-02, -6.752826e-02, -7.168583e-02, -6.833862e-02
9.860000e-01, -2.808158e-01, -9.346257e-02, -9.384814e-02, -9.350504e-02, -7.165309e-02, -6.820456e-02, -7.184969e-02, -6.910842e-02
9.865000e-01, -2.788931e-01, -9.242940e-02, -9.302011e-02, -9.344361e-02, -7.181848e-02, -6.784544e-02, -7.177443e-02, -6.745477e-02
9.870000e-01, -2.803353e-01, -9.277453e-02, -9.376184e-02, -9.379895e-02, -7.179685e-02, -6.866777e-02, -7.167220e-02, -6.819849e-02
9.875000e-01, -2.799642e-01, -9.336961e-02, -9.312360e-02, -9.347097e-02, -7.184494e-02, -6.817542e-02, -7.154344e-02, -6.840039e-02
9.880000e-01, -2.806933e-01, -9.361806e-02, -9.387953e-02, -9.319571e-02, -7.162526e-02, -6.897284e-02, -7.132957e-02, -6.876563e-02
9.885000e-01, -2.800979e-01, -9.307416e-02, -9.337955e-02, -9.364419e-02, -7.170462e-02, -6.803248e-02, -7.156818e-02, -6.879261e-02
9.890000e-01, -2.798908e-01, -9.341324e-02, -9.312319e-02, -9.335437e-02, -7.165476e-02, -6.821816e-02, -7.189371e-02, -6.812418e-02
9.895000e-01, -2.804501e-01, -9.324438e-02, -9.329139e-02, -9.391428e-02, -7.177116e-02, -6.911145e-02, -7.178748e-02, -6.777996e-02
9.900000e-01, -2.804214e-01, -9.355958e-02, -9.326339e-02, -9.359839e-02, -7.153204e-02, -6.842237e-02, -7.164666e-02, -6.882030e-02
9.905000e-01, -2.799394e-01, -9.295668e-02, -9.311218e-02, -9.387057e-02, -7.162402e-02, -6.861741e-02, -7.177845e-02, -6.791956e-02
9.910000e-01, -2.810169e-01, -9.353623e-02, -9.385588e-02, -9.362484e-02, -7.151500e-02, -6.868722e-02, -7.175500e-02, -6.905974e-02
9.915000e-01, -2.799686e-01, -9.295846e-02, -9.328662e-02, -9.372354e-02, -7.157442e-02, -6.812176e-02, -7.187361e-02, -6.839883e-02
9.920000e-01, -2.713248e-01, -9.328306e-02, -9.269026e-02, -8.535149e-02, -7.124879e-02, -6.721772e-02, -7.146173e-02, -6.139658e-02
9.925000e-01, -2.398068e-01, -8.762571e-02, -7.565493e-02, -7.652617e-02, -6.657771e-02, -5.520912e-02, -7.021865e-02, -4.780133e-02
9.930000e-01, -2.118061e-01, -7.308029e-02, -6.973106e-02, -6.899475e-02, -6.104000e-02, -4.504387e-02, -6.113908e-02, -4.458315e-02
9.935000e-01, -2.158098e-01, -7.484268e-02, -7.215843e-02, -6.880865e-02, -6.593909e-02, -4.491861e-02, -5.806009e-02, -4.689198e-02
9.940000e-01, -2.108996e-01, -6.896221e-02, -6.829159e-02, -7.364578e-02, -6.034297e-02, -4.465728e-02, -6.133964e-02, -4.455969e-02
9.945000e-01, -2.062603e-01, -6.886535e-02, -6.894573e-02, -6.844925e-02, -5.812336e-02, -4.542326e-02, -5.805541e-02, -4.465830e-02
9.950000e-01, -2.090987e-01, -6.863430e-02, -7.080102e-02, -6.966341e-02, -6.027063e-02, -4.483063e-02, -5.827821e-02, -4.571926e-02
9.955000e-01, -2.070441e-01, -6.917361e-02, -6.883536e-02, -6.903509e-02, -5.839544e-02, -4.505654e-02, -5.821559e-02, -4.537649e-02
9.960000e-01, -2.059868e-01, -6.902368e-02, -6.839076e-02, -6.857232e-02, -5.814928e-02, -4.474889e-02, -5.810775e-02, -4.498086e-02
9.965000e-01, -2.069381e-01, -6.873598e-02, -6.911193e-02, -6.909019e-02, -5.826372e-02, -4.476277e-02, -5.822105e-02, -4.569056e-02
9.970000e-01, -2.069439e-01, -6.908616e-02, -6.945791e-02, -6.839981e-02, -5.849155e-02, -4.494945e-02, -5.814122e-02, -4.536166e-02
9.975000e-01, -2.063072e-01, -6.886701e-02, -6.906875e-02, -6.837139e-02, -5.826723e-02, -4.496339e-02, -5.815582e-02, -4.492071e-02
9.980000e-01, -2.067052e-01, -6.884610e-02, -6.912451e-02, -6.873460e-02, -5.831230e-02, -4.515320e-02, -5.817185e-02, -4.506787e-02
9.985000e-01, -2.055273e-01, -6.886983e-02, -6.832531e-02, -6.833218e-02, -5.838962e-02, -4.469841e-02, -5.792527e-02, -4.451401e-02
9.990000e-01, -2.054489e-01, -6.795694e-02, -6.811136e-02, -6.938059e-02, -5.786030e-02, -4.476435e-02, -5.816067e-02, -4.466357e-02
9.995000e-01, -2.069427e-01, -6.922922e-02, -6.848766e-02, -6.922579e-02, -5.814814e-02, -4.553354e-02, -5.780424e-02, -4.545674e-02
1.000000e+00, -2.063955e-01, -6.911370e-02, -6.912750e-02, -6.815432e-02, -5.819726e-02, -4.490543e-02, -5.778785e-02, -4.550498e-02
1.000500e+00, -2.057888e-01, -6.889173e-02, -6.844180e-02, -6.845532e-02, -5.757483e-02, -4.512298e-02, -5.774276e-02, -4.534828e-02
1.001000e+00, -1.937920e-01, -6.754143e-02, -5.820632e-02, -6.804429e-02, -5.212911e-02, -4.513881e-02, -5.122405e-02, -4.530008e-02
1.001500e+00, -1.987406e-01, -6.551576e-02, -6.713235e-02, -6.609251e-02, -5.438574e-02, -4.460053e-02, -5.542124e-02, -4.433311e-02
1.002000e+00, -1.980387e-01, -6.596853e-02, -6.594125e-02, -6.612891e-02, -5.533953e-02, -4.431764e-02, -5.413336e-02, -4.424816e-02
1.002500e+00, -1.723517e-01, -4.088430e-02, -6.505772e-02, -6.640969e-02, -4.742916e-02, -4.008648e-02, -4.654786e-02, -3.828821e-02
1.003000e+00, -1.646638e-01, -6.328955e-02, -3.883500e-02, -6.253926e-02, -4.518992e-02, -3.701015e-02, -4.428023e-02, -3.818352e-02
1.003500e+00, -1.219598e-01, -4.076262e-02, -4.062289e-02, -4.057426e-02, -3.492912e-02, -2.567112e-02, -3.489613e-02, -2.646339e-02
1.004000e+00, -1.673432e-01, -6.183380e-02, -4.016606e-02, -6.534333e-02, -4.542478e-02, -3.776285e-02, -4.501770e-02, -3.913785e-02
1.004500e+00, -1.299484e-01, -4.436187e-02, -4.117606e-02, -4.441048e-02, -3.506834e-02, -3.009818e-02, -3.500526e-02, -2.977663e-02
1.005000e+00, -1.211078e-01, -3.729035e-02, -4.473699e-02, -3.908048e-02, -3.519996e-02, -2.688998e-02, -3.491759e-02, -2.410030e-02
1.005500e+00, -1.145002e-01, -3.772838e-02, -3.866237e-02, -3.810948e-02, -3.480466e-02, -2.223360e-02, -3.503666e-02, -2.242531e-02
1.006000e+00, -1.101351e-01, -3.674055e-02, -3.681601e-02, -3.657857e-02, -3.498199e-02, -1.938992e-02, -3.510235e-02, -2.066086e-02
1.006500e+00, -1.252237e-01, -4.420707e-02, -3.707120e-02, -4.394541e-02, -3.480959e-02, -2.702193e-02, -3.492704e-02, -2.846511e-02
1.007000e+00, -1.069958e-01, -3.538328e-02, -3.496645e-02, -3.664611e-02, -3.457296e-02, -1.912470e-02, -3.501585e-02, -1.828233e-02
1.007500e+00, -1.066189e-01, -3.504531e-02, -3.634738e-02, -3.522624e-02, -3.484368e-02, -1.954896e-02, -3.483727e-02, -1.738901e-02
1.008000e+00, -1.061713e-01, -3.535104e-02, -3.659979e-02, -3.422045e-02, -3.472196e-02, -1.801854e-02, -3.498156e-02, -1.844921e-02
1.008500e+00, -1.028719e-01, -3.389116e-02, -3.430531e-02, -3.467540e-02, -3.468127e-02, -1.616230e-02, -3.465637e-02, -1.737193e-02
1.009000e+00, -1.027801e-01, -3.419864e-02, -3.441108e-02, -3.417039e-02, -3.466883e-02, -1.665136e-02, -3.422995e-02, -1.722998e-02
1.009500e+00, -8.493448e-02, -3.268236e-02, -1.981242e-02, -3.243970e-02, -2.940752e-02, -1.350239e-02, -2.973649e-02, -1.228808e-02
1.010000e+00, -6.351407e-02, -1.898745e-02, -1.826737e-02, -2.625925e-02, -2.286189e-02, -8.907275e-03, -2.299067e-02, -8.754235e-03
1.010500e+00, -4.641671e-02, -8.213213e-03, -1.829310e-02, -1.991040e-02, -1.578130e-02, -8.017725e-03, -1.491923e-02, -7.698459e-03
1.011000e+00, -3.540342e-02, -4.792604e-03, -7.000434e-03, -2.361039e-02, -1.172783e-02, -6.957070e-03, -1.193209e-02, -4.786433e-03
1.011500e+00, -7.300864e-03, 7.351664e-04, -8.291015e-03, 2.549852e-04, -2.835546e-03, -5.115914e-04, -1.960097e-03, -1.993630e-03
1.012000e+00, 2.021398e-03, -3.838363e-03, 2.041934e-03, 3.817827e-03, 1.455421e-04, 7.147561e-04, -4.100113e-04, 1.571111e-03
1.012500e+00, 9.020419e-03, 4.248650e-03, 3.738014e-03, 1.033755e-03, -1.745415e-04, 3.332640e-03, 1.492179e-03, 4.370142e-03
1.013000e+00, 4.337920e-03, 1.444000e-03, -4.291620e-04, 3.323082e-03, -3.519709e-04, 2.693690e-03, 4.503779e-04, 1.545823e-03
1.013500e+00, 1.120974e-02, 4.168892e-03, 3.305871e-03, 3.734981e-03, 1.521560e-03, 4.387233e-03, 1.210797e-03, 4.090154e-03
1.014000e+00, 1.325374e-02, 4.397990e-03, 4.545825e-03, 4.309929e-03, 1.528342e-03, 4.574470e-03, 1.735709e-03, 5.415223e-03
1.014500e+00, 1.261939e-02, 3.830038e-03, 4.543900e-03, 4.245448e-03, 1.669077e-03, 4.390309e-03, 1.661062e-03, 4.898938e-03
1.015000e+00, 1.320572e-02, 4.516203e-03, 4.211318e-03, 4.478195e-03, 1.688547e-03, 5.025814e-03, 1.696835e-03, 4.794520e-03
1.015500e+00, 1.399958e-02, 4.671557e-03, 4.502664e-03, 4.825357e-03, 1.881734e-03, 5.567601e-03, 1.862251e-03, 4.687991e-03
1.016000e+00, 1.429919e-02, 4.748750e-03, 4.713821e-03, 4.836622e-03, 1.687487e-03, 5.194674e-03, 1.683261e-03, 5.733771e-03
1.016500e+00, 1.428638e-02, 4.474524e-03, 4.625179e-03, 5.186679e-03, 1.866129e-03, 4.729632e-03, 1.859559e-03, 5.831063e-03
1.017000e+00, 1.369144e-02, 4.009724e-03, 4.850952e-03, 4.830763e-03, 1.656569e-03, 5.471623e-03, 1.610512e-03, 4.952735e-03
1.017500e+00, 1.357209e-02, 4.476116e-03, 4.363701e-03, 4.732277e-03, 1.877150e-03, 4.594277e-03, 1.569817e-03, 5.530849e-03
1.018000e+00, 1.412695e-02, 4.634191e-03, 4.472711e-03, 5.020048e-03, 1.758751e-03, 5.302884e-03, 1.668209e-03, 5.397106e-03
1.018500e+00, 1.339994e-02, 3.989635e-03, 4.643187e-03, 4.767122e-03, 1.647357e-03, 5.014677e-03, 1.702540e-03, 5.035371e-03
1.019000e+00, 1.472946e-02, 4.198209e-03, 4.704270e-03, 5.826977e-03, 1.685689e-03, 6.065206e-03, 1.889414e-03, 5.089146e-03
1.019500e+00, 1.493697e-02, 4.590593e-03, 5.434956e-03, 4.911425e-03, 1.732055e-03, 5.226435e-03, 1.848287e-03, 6.130198e-03
1.020000e+00, 1.436210e-02, 4.468910e-03, 5.281187e-03, 4.611999e-03, 1.583703e-03, 5.103308e-03, 1.811745e-03, 5.863339e-03
1.020500e+00, 1.626943e-02, 4.897423e-03, 6.241651e-03, 5.130358e-03, 1.812609e-03, 6.066601e-03, 1.902688e-03, 6.487535e-03
1.021000e+00, 1.613459e-02, 5.654423e-03, 5.489153e-03, 4.991010e-03, 1.877401e-03, 6.243324e-03, 1.824107e-03, 6.189753e-03
1.021500e+00, 1.771861e-02, 6.289290e-03, 5.773762e-03, 5.655562e-03, 1.870964e-03, 7.356388e-03, 1.904866e-03, 6.586396e-03
1.022000e+00, 1.622934e-02, 5.219236e-03, 5.386784e-03, 5.623325e-03, 1.846724e-03, 6.433757e-03, 1.769165e-03, 6.179700e-03
1.022500e+00, 1.735119e-02, 5.929084e-03, 5.861166e-03, 5.560941e-03, 1.914424e-03, 6.606144e-03, 1.847052e-03, 6.983570e-03
1.023000e+00, 1.866818e-02, 6.772110e-03, 5.600110e-03, 6.295956e-03, 1.744915e-03, 7.268757e-03, 2.173012e-03, 7.481491e-03
1.023500e+00, 2.129024e-02, 7.212718e-03, 6.321716e-03, 7.755809e-03, 2.151458e-03, 8.670646e-03, 1.639621e-03, 8.828517e-03
1.024000e+00, 2.063727e-02, 7.222455e-03, 6.634891e-03, 6.779927e-03, 1.880581e-03, 8.564845e-03, 2.018216e-03, 8.173631e-03
1.024500e+00, 2.168718e-02, 6.662937e-03, 7.677473e-03, 7.346766e-03, 2.123523e-03, 8.157471e-03, 2.155215e-03, 9.250967e-03
1.025000e+00, 2.117313e-02, 7.428527e-03, 6.624647e-03, 7.119959e-03, 2.123258e-03, 8.439884e-03, 2.175744e-03, 8.434247e-03
1.025500e+00, 2.364888e-02, 7.847916e-03, 8.099014e-03, 7.701945e-03, 2.009091e-03, 1.055968e-02, 1.870399e-03, 9.209700e-03
1.026000e+00, 2.429091e-02, 8.300341e-03, 8.266881e-03, 7.723686e-03, 1.972900e-03, 1.060492e-02, 1.989562e-03, 9.723529e-03
1.026500e+00, 2.353273e-02, 8.386817e-03, 7.098936e-03, 8.046980e-03, 2.360661e-03, 9.833650e-03, 2.006795e-03, 9.331627e-03
1.027000e+00, 2.589552e-02, 8.233223e-03, 8.388862e-03, 9.273436e-03, 2.536371e-03, 1.084790e-02, 2.234933e-03, 1.027631e-02
1.027500e+00, 2.553485e-02, 8.505420e-03, 9.558099e-03, 7.471334e-03, 2.375333e-03, 1.076144e-02, 2.272053e-03, 1.012603e-02
1.028000e+00, 2.982553e-02, 1.072033e-02, 9.093418e-03, 1.001178e-02, 2.952276e-03, 1.236939e-02, 2.676710e-03, 1.182715e-02
1.028500e+00, 2.597144e-02, 8.839197e-03, 8.976590e-03, 8.155650e-03, 2.179636e-03, 1.055750e-02, 2.429395e-03, 1.080491e-02
1.029000e+00, 2.772790e-02, 9.703756e-03, 8.757689e-03, 9.266458e-03, 2.457838e-03, 1.108643e-02, 2.491502e-03, 1.169213e-02
1.029500e+00, 2.871925e-02, 9.272028e-03, 1.015409e-02, 9.293132e-03, 2.792003e-03, 1.151790e-02, 2.435174e-03, 1.197417e-02
1.030000e+00, 3.096295e-02, 9.250929e-03, 1.174315e-02, 9.968869e-03, 2.734059e-03, 1.261841e-02, 3.527331e-03, 1.208315e-02
1.030500e+00, 3.138403e-02, 1.051686e-02, 9.726255e-03, 1.114092e-02, 2.936286e-03, 1.309450e-02, 3.180887e-03, 1.217236e-02
1.031000e+00, 3.133601e-02, 1.003933e-02, 1.098946e-02, 1.030723e-02, 3.204603e-03, 1.276265e-02, 3.155413e-03, 1.221334e-02
1.031500e+00, 3.333555e-02, 1.056795e-02, 1.081793e-02, 1.194967e-02, 3.201404e-03, 1.303155e-02, 3.208900e-03, 1.389370e-02
1.032000e+00, 3.481143e-02, 1.282899e-02, 1.081219e-02, 1.117025e-02, 3.738270e-03, 1.361361e-02, 4.131947e-03, 1.332760e-02
1.032500e+00, 1.839527e-02, 1.222445e-02, 9.332338e-03, -3.161521e-03, -4.398937e-04, 9.274623e-03, -5.808460e-05, 9.618624e-03
1.033000e+00, 3.030075e-02, 1.089101e-02, 1.037670e-02, 9.033038e-03, 2.722243e-03, 1.214095e-02, 3.422049e-03, 1.201551e-02
1.033500e+00, 2.901414e-02, 9.516521e-03, 9.465856e-03, 1.003177e-02, 2.354951e-03, 1.228639e-02, 2.503411e-03, 1.186939e-02
1.034000e+00, 1.594337e-02, 5.394497e-04, 8.914893e-03, 6.489031e-03, 3.784130e-04, 8.987566e-03, 2.776249e-04, 6.299769e-03
1.034500e+00, 2.730366e-02, 9.325663e-03, 7.463309e-03, 1.051469e-02, 2.485594e-03, 1.070924e-02, 2.535011e-03, 1.157382e-02
1.035000e+00, 2.278625e-02, 1.046323e-02, 7.122644e-03, 5.200367e-03, 2.176911e-03, 8.119452e-03, 2.209355e-03, 1.028053e-02
9.300000e-01, 1.370471e-02, 4.613679e-03, 4.546973e-03, 4.544061e-03, 1.901117e-03, 4.705589e-03, 1.593852e-03, 5.504154e-03
9.305000e-01, 1.329817e-02, 4.269790e-03, 4.778931e-03, 4.249450e-03, 1.752327e-03, 5.166483e-03, 1.764461e-03, 4.614901e-03
9.310000e-01, 1.269002e-02, 4.147214e-03, 4.823764e-03, 3.719040e-03, 1.666143e-03, 4.536451e-03, 1.404111e-03, 5.083314e-03
9.315000e-01, 1.318798e-02, 4.370454e-03, 4.492183e-03, 4.325346e-03, 1.477484e-03, 4.603167e-03, 1.859796e-03, 5.247536e-03
9.320000e-01, 1.237544e-02, 3.981430e-03, 4.023939e-03, 4.370068e-03, 1.664298e-03, 4.139454e-03, 1.751441e-03, 4.820243e-03
9.325000e-01, 1.335776e-02, 5.153343e-03, 4.154904e-03, 4.049513e-03, 1.456486e-03, 5.487207e-03, 1.778217e-03, 4.635849e-03
9.330000e-01, 1.225985e-02, 3.842748e-03, 4.404480e-03, 4.012618e-03, 1.514571e-03, 4.320836e-03, 1.970389e-03, 4.454050e-03
9.335000e-01, 1.394667e-02, 4.965429e-03, 4.672746e-03, 4.308496e-03, 1.855754e-03, 4.792259e-03, 1.822972e-03, 5.475686e-03
9.340000e-01, 1.348641e-02, 4.536937e-03, 4.739345e-03, 4.210131e-03, 1.617604e-03, 4.548647e-03, 1.732499e-03, 5.587663e-03
9.345000e-01, 1.333659e-02, 4.165037e-03, 4.861779e-03, 4.309770e-03, 1.658903e-03, 5.194317e-03, 1.702476e-03, 4.780891e-03
9.350000e-01, 1.324434e-02, 4.686344e-03, 4.577776e-03, 3.980223e-03, 1.894446e-03, 5.200685e-03, 1.557560e-03, 4.591653e-03
9.355000e-01, 1.390502e-02, 4.659925e-03, 4.253594e-03, 4.991504e-03, 1.521852e-03, 4.962703e-03, 1.730274e-03, 5.690195e-03
9.360000e-01, 1.335018e-02, 4.432126e-03, 4.296606e-03, 4.621446e-03, 1.580119e-03, 4.333889e-03, 1.615831e-03, 5.820338e-03
9.365000e-01, 1.290186e-02, 4.446115e-03, 3.774224e-03, 4.681518e-03, 1.894547e-03, 4.900249e-03, 1.478171e-03, 4.628889e-03
9.370000e-01, 1.306951e-02, 4.711533e-03, 4.425509e-03, 3.932466e-03, 1.514370e-03, 4.744687e-03, 1.622238e-03, 5.188213e-03
9.375000e-01, 1.239602e-02, 4.348517e-03, 4.153169e-03, 3.894336e-03, 1.408607e-03, 4.702025e-03, 1.718658e-03, 4.566732e-03
9.380000e-01, 1.233973e-02, 4.242365e-03, 4.247506e-03, 3.849856e-03, 1.904608e-03, 4.649681e-03, 1.784818e-03, 4.000620e-03
9.385000e-01, 1.371132e-02, 4.772752e-03, 4.345241e-03, 4.593326e-03, 1.846501e-03, 4.662577e-03, 1.899811e-03, 5.302431e-03
9.390000e-01, 1.463568e-02, 5.217542e-03, 4.487222e-03, 4.930912e-03, 1.780643e-03, 5.406194e-03, 1.806064e-03, 5.642775e-03
9.395000e-01, 1.352804e-02, 4.975593e-03, 4.113740e-03, 4.438705e-03, 1.733256e-03, 5.175448e-03, 1.745009e-03, 4.874326e-03
9.400000e-01, 1.379797e-02, 4.187566e-03, 4.534227e-03, 5.076177e-03, 1.693943e-03, 5.318211e-03, 1.739219e-03, 5.046596e-03
9.405000e-01, 1.356898e-02, 3.966333e-03, 4.956533e-03, 4.646112e-03, 1.527566e-03, 4.893023e-03, 1.721304e-03, 5.427086e-03
9.410000e-01, 1.297640e-02, 4.657675e-03, 4.531165e-03, 3.787562e-03, 1.699404e-03, 4.620539e-03, 1.493005e-03, 5.163454e-03
9.415000e-01, -9.883170e-03, -2.016769e-02, 4.907088e-03, 5.377435e-03, -5.912255e-03, 1.318706e-03, -6.005734e-03, 7.161135e-04
9.420000e-01, -8.493349e-02, -4.520788e-02, -1.978966e-02, -1.993596e-02, -2.639713e-02, -1.650550e-02, -2.598382e-02, -1.604703e-02
9.425000e-01, -1.091073e-01, -2.013408e-02, -4.459527e-02, -4.437798e-02, -3.070793e-02, -2.355916e-02, -3.099745e-02, -2.384278e-02
9.430000e-01, -8.593253e-02, -2.049777e-02, -2.028609e-02, -4.514867e-02, -2.623429e-02, -1.738625e-02, -2.623317e-02, -1.607882e-02
9.435000e-01, -2.102545e-01, -7.000640e-02, -7.039321e-02, -6.985484e-02, -5.869467e-02, -4.675856e-02, -5.869242e-02, -4.610881e-02
9.440000e-01, -2.094764e-01, -7.015112e-02, -7.004458e-02, -6.928068e-02, -5.855525e-02, -4.633065e-02, -5.871882e-02, -4.587167e-02
9.445000e-01, -2.084379e-01, -6.997858e-02, -6.958672e-02, -6.887261e-02, -5.833992e-02, -4.556950e-02, -5.877021e-02, -4.575829e-02
9.450000e-01, -2.093631e-01, -7.029689e-02, -6.979708e-02, -6.926915e-02, -5.869526e-02, -4.591096e-02, -5.864895e-02, -4.610795e-02
9.455000e-01, -2.075143e-01, -6.941672e-02, -6.899786e-02, -6.909969e-02, -5.855445e-02, -4.573577e-02, -5.851657e-02, -4.470748e-02
9.460000e-01, -2.087889e-01, -6.955192e-02, -7.016134e-02, -6.907567e-02, -5.858041e-02, -4.568268e-02, -5.857760e-02, -4.594823e-02
9.465000e-01, -2.091357e-01, -6.948637e-02, -6.937366e-02, -7.027563e-02, -5.848597e-02, -4.614248e-02, -5.874606e-02, -4.576116e-02
9.470000e-01, -2.076215e-01, -6.918643e-02, -6.949885e-02, -6.893621e-02, -5.862866e-02, -4.512633e-02, -5.853904e-02, -4.532745e-02
9.475000e-01, -2.080530e-01, -6.930932e-02, -6.910143e-02, -6.964229e-02, -5.874876e-02, -4.492105e-02, -5.843496e-02, -4.594827e-02
9.480000e-01, -2.065790e-01, -6.900890e-02, -6.872560e-02, -6.884453e-02, -5.859660e-02, -4.487423e-02, -5.842952e-02, -4.467869e-02
9.485000e-01, -2.085611e-01, -6.921562e-02, -6.916454e-02, -7.018092e-02, -5.874598e-02, -4.545745e-02, -5.868682e-02, -4.567083e-02
9.490000e-01, -2.091480e-01, -6.977426e-02, -6.983104e-02, -6.954267e-02, -5.875558e-02, -4.587643e-02, -5.853900e-02, -4.597697e-02
9.495000e-01, -2.086519e-01, -6.954424e-02, -6.912871e-02, -6.997895e-02, -5.871311e-02, -4.542261e-02, -5.872127e-02, -4.579491e-02
9.500000e-01, -2.091545e-01, -7.007196e-02, -6.911144e-02, -6.997115e-02, -5.865270e-02, -4.580505e-02, -5.872849e-02, -4.596831e-02
9.505000e-01, -2.081187e-01, -7.001829e-02, -6.902822e-02, -6.907219e-02, -5.846681e-02, -4.550969e-02, -5.880197e-02, -4.534022e-02
9.510000e-01, -2.079801e-01, -6.899298e-02, -6.905004e-02, -6.993711e-02, -5.865021e-02, -4.510341e-02, -5.848740e-02, -4.573911e-02
9.515000e-01, -2.096662e-01, -6.963603e-02, -7.009182e-02, -6.993833e-02, -5.842123e-02, -4.615630e-02, -5.878404e-02, -4.630461e-02
9.520000e-01, -2.090331e-01, -6.938881e-02, -7.016916e-02, -6.947515e-02, -5.845119e-02, -4.607301e-02, -5.867350e-02, -4.583542e-02
9.525000e-01, -2.069779e-01, -6.909793e-02, -6.883845e-02, -6.904149e-02, -5.867969e-02, -4.481698e-02, -5.862889e-02, -4.485232e-02
9.530000e-01, -2.091282e-01, -6.970866e-02, -6.953745e-02, -6.988206e-02, -5.843437e-02, -4.665038e-02, -5.884730e-02, -4.519611e-02
9.535000e-01, -2.100231e-01, -6.960455e-02, -7.002552e-02, -7.039299e-02, -5.873993e-02, -4.624033e-02, -5.866725e-02, -4.637554e-02
9.540000e-01, -2.085444e-01, -6.978090e-02, -6.903764e-02, -6.972589e-02, -5.854313e-02, -4.636482e-02, -5.881955e-02, -4.481693e-02
9.545000e-01, -2.084023e-01, -6.998420e-02, -6.964368e-02, -6.877447e-02, -5.859412e-02, -4.578261e-02, -5.880343e-02, -4.522219e-02
9.550000e-01, -2.085074e-01, -6.957967e-02, -6.943122e-02, -6.949655e-02, -5.857390e-02, -4.532142e-02, -5.855263e-02, -4.605949e-02
9.555000e-01, -2.085966e-01, -6.939879e-02, -6.981365e-02, -6.938414e-02, -5.849486e-02, -4.572712e-02, -5.857965e-02, -4.579496e-02
9.560000e-01, -2.095560e-01, -6.971283e-02, -7.000391e-02, -6.983928e-02, -5.850801e-02, -4.619891e-02, -5.866457e-02, -4.618454e-02
9.565000e-01, -2.086874e-01, -6.974378e-02, -6.953285e-02, -6.941077e-02, -5.875208e-02, -4.628729e-02, -5.866674e-02, -4.498129e-02
9.570000e-01, -2.085155e-01, -6.939431e-02, -6.930915e-02, -6.981202e-02, -5.861208e-02, -4.593849e-02, -5.874315e-02, -4.522176e-02
9.575000e-01, -2.097843e-01, -7.002214e-02, -6.959270e-02, -7.016949e-02, -5.872754e-02, -4.632831e-02, -5.875365e-02, -4.597483e-02
9.580000e-01, -2.087603e-01, -6.939413e-02, -6.979948e-02, -6.956672e-02, -5.871619e-02, -4.546494e-02, -5.872557e-02, -4.585363e-02
9.585000e-01, -2.087914e-01, -6.955962e-02, -6.971314e-02, -6.951868e-02, -5.864071e-02, -4.539673e-02, -5.885878e-02, -4.589521e-02
9.590000e-01, -2.094414e-01, -6.974901e-02, -6.997608e-02, -6.971635e-02, -5.865886e-02, -4.574293e-02, -5.870033e-02, -4.633932e-02
9.595000e-01, -2.084823e-01, -6.963620e-02, -6.957104e-02, -6.927507e-02, -5.864534e-02, -4.548433e-02, -5.868130e-02, -4.567133e-02
9.600000e-01, -2.090699e-01, -6.938667e-02, -6.955008e-02, -7.013319e-02, -5.875726e-02, -4.602511e-02, -5.867644e-02, -4.561113e-02
9.605000e-01, -2.085453e-01, -6.889420e-02, -6.981486e-02, -6.983628e-02, -5.874381e-02, -4.576960e-02, -5.866600e-02, -4.536592e-02
9.610000e-01, -2.069350e-01, -6.881070e-02, -6.883291e-02, -6.929143e-02, -5.864974e-02, -4.512374e-02, -5.844356e-02, -4.471800e-02
9.615000e-01, -2.087198e-01, -6.940612e-02, -6.975823e-02, -6.955541e-02, -5.849663e-02, -4.541509e-02, -5.890438e-02, -4.590365e-02
9.620000e-01, -2.081644e-01, -6.948907e-02, -6.918664e-02, -6.948865e-02, -5.839151e-02, -4.572118e-02, -5.855569e-02, -4.549599e-02
9.625000e-01, -2.076964e-01, -6.907233e-02, -6.897654e-02, -6.964758e-02, -5.840560e-02, -4.520716e-02, -5.860141e-02, -4.548227e-02
9.630000e-01, -2.081312e-01, -6.899955e-02, -6.989005e-02, -6.924155e-02, -5.875235e-02, -4.500267e-02, -5.884071e-02, -4.553543e-02
9.635000e-01, -2.086558e-01, -6.959464e-02, -6.997326e-02, -6.908793e-02, -5.856344e-02, -4.553685e-02, -5.890282e-02, -4.565272e-02
9.640000e-01, -2.086052e-01, -7.015195e-02, -6.943455e-02, -6.901871e-02, -5.876841e-02, -4.582775e-02, -5.862721e-02, -4.538184e-02
9.645000e-01, -2.084853e-01, -6.887724e-02, -6.976761e-02, -6.984045e-02, -5.873149e-02, -4.574091e-02, -5.857817e-02, -4.543473e-02
9.650000e-01, -2.077673e-01, -6.892165e-02, -6.932571e-02, -6.951994e-02, -5.861170e-02, -4.508681e-02, -5.865886e-02, -4.540993e-02
9.655000e-01, -2.080546e-01, -6.901501e-02, -6.954136e-02, -6.949827e-02, -5.871423e-02, -4.482477e-02, -5.856699e-02, -4.594865e-02
9.660000e-01, -2.071738e-01, -6.911478e-02, -6.872507e-02, -6.933396e-02, -5.861703e-02, -4.507577e-02, -5.861721e-02, -4.486381e-02
9.665000e-01, -2.089157e-01, -7.007913e-02, -6.954004e-02, -6.929655e-02, -5.879137e-02, -4.599541e-02, -5.856660e-02, -4.556234e-02
9.670000e-01, -2.084426e-01, -6.948057e-02, -6.935761e-02, -6.960446e-02, -5.858305e-02, -4.540614e-02, -5.882395e-02, -4.562950e-02
9.675000e-01, -2.088706e-01, -6.920435e-02, -6.982257e-02, -6.984363e-02, -5.850035e-02, -4.591142e-02, -5.887689e-02, -4.558189e-02
9.680000e-01, -2.082635e-01, -6.919495e-02, -6.959797e-02, -6.947055e-02, -5.854323e-02, -4.540001e-02, -5.867178e-02, -4.564846e-02
9.685000e-01, -2.091879e-01, -6.994055e-02, -6.990030e-02, -6.934706e-02, -5.879166e-02, -4.610841e-02, -5.869854e-02, -4.558929e-02
9.690000e-01, -2.089718e-01, -6.998837e-02, -6.937117e-02, -6.961230e-02, -5.870817e-02, -4.622195e-02, -5.865485e-02, -4.538686e-02
9.695000e-01, -2.074547e-01, -6.913086e-02, -6.947504e-02, -6.884880e-02, -5.866089e-02, -4.495972e-02, -5.865110e-02, -4.518299e-02
9.700000e-01, -2.091305e-01, -6.939747e-02, -6.980731e-02, -6.992571e-02, -5.862274e-02, -4.598774e-02, -5.888893e-02, -4.563107e-02
9.705000e-01, -2.094608e-01, -6.983882e-02, -6.975402e-02, -6.986795e-02, -5.877263e-02, -4.595627e-02, -5.854558e-02, -4.618631e-02
9.710000e-01, -2.074263e-01, -6.901498e-02, -6.896518e-02, -6.944615e-02, -5.856802e-02, -4.459040e-02, -5.843977e-02, -4.582810e-02
