9.300000e-01, 1.275771e-02, 8.013430e-02, -6.737658e-02, 1.275771e-02, 1.500000e+00, 1.000000e+00, 5.000000e-01, 4.000000e+00, 4.000000e+00, 3.000000e+00
9.305000e-01, 1.308134e-02, 8.013581e-02, -6.705446e-02, 1.308134e-02, 1.500000e+00, 1.000000e+00, 5.000000e-01, 4.000000e+00, 4.000000e+00, 3.000000e+00
9.310000e-01, 1.392363e-02, 8.277822e-02, -6.885459e-02, 1.392363e-02, 1.500000e+00, 1.000000e+00, 5.000000e-01, 4.000000e+00, 4.000000e+00, 3.000000e+00
9.315000e-01, 1.294300e-02, 8.353785e-02, -7.059485e-02, 1.294300e-02, 1.500000e+00, 1.000000e+00, 5.000000e-01, 4.000000e+00, 4.000000e+00, 3.000000e+00
9.320000e-01, 1.286174e-02, 8.932762e-02, -7.646588e-02, 1.286174e-02, 1.500000e+00, 1.000000e+00, 5.000000e-01, 4.000000e+00, 4.000000e+00, 3.000000e+00
9.325000e-01, 1.353806e-02, 8.836246e-02, -7.482440e-02, 1.353806e-02, 1.500000e+00, 1.000000e+00, 5.000000e-01, 4.000000e+00, 4.000000e+00, 3.000000e+00
9.330000e-01, 1.413467e-02, 1.305122e-01, -1.163776e-01, 1.413467e-02, 1.500000e+00, 1.000000e+00, 5.000000e-01, 4.000000e+00, 4.000000e+00, 3.000000e+00
9.335000e-01, 1.311929e-02, 1.506492e-01, -1.375299e-01, 1.311929e-02, 1.500000e+00, 1.000000e+00, 5.000000e-01, 4.000000e+00, 4.000000e+00, 3.000000e+00
9.340000e-01, 1.320564e-02, 1.743891e-01, -1.611834e-01, 1.320564e-02, 1.500000e+00, 1.000000e+00, 5.000000e-01, 4.000000e+00, 4.000000e+00, 3.000000e+00
9.345000e-01, 1.370683e-02, 2.144823e-01, -2.007754e-01, 1.370683e-02, 1.500000e+00, 1.000000e+00, 5.000000e-01, 4.000000e+00, 4.000000e+00, 3.000000e+00
9.350000e-01, 1.362556e-02, 2.182554e-01, -2.046299e-01, 1.362556e-02, 1.500000e+00, 1.000000e+00, 5.000000e-01, 4.000000e+00, 4.000000e+00, 3.000000e+00
9.355000e-01, -1.204340e-02, 2.256887e-01, -2.377321e-01, -1.204340e-02, 1.500000e+00, 1.000000e+00, 5.000000e-01, 4.000000e+00, 4.000000e+00, 3.000000e+00
9.360000e-01, -1.091050e-01, 1.519840e-01, -2.610889e-01, -1.091050e-01, 1.500000e+00, 1.000000e+00, 5.000000e-01, 4.000000e+00, 4.000000e+00, 3.000000e+00
9.365000e-01, -8.445560e-02, 1.738424e-01, -2.582980e-01, -8.445560e-02, 1.500000e+00, 1.000000e+00, 5.000000e-01, 4.000000e+00, 4.000000e+00, 3.000000e+00
9.370000e-01, -1.827969e-01, 9.956669e-02, -2.823636e-01, -1.827969e-01, 1.500000e+00, 1.000000e+00, 5.000000e-01, 4.000000e+00, 4.000000e+00, 3.000000e+00
9.375000e-01, -2.073888e-01, 7.941165e-02, -2.868005e-01, -2.073888e-01, 1.500000e+00, 1.000000e+00, 5.000000e-01, 4.000000e+00, 4.000000e+00, 3.000000e+00
9.380000e-01, -1.811152e-01, 1.019417e-01, -2.830570e-01, -1.811152e-01, 1.500000e+00, 1.000000e+00, 5.000000e-01, 4.000000e+00, 4.000000e+00, 3.000000e+00
9.385000e-01, -2.066130e-01, 8.044959e-02, -2.870626e-01, -2.066130e-01, 1.500000e+00, 1.000000e+00, 5.000000e-01, 4.000000e+00, 4.000000e+00, 3.000000e+00
9.390000e-01, -2.080428e-01, 8.064183e-02, -2.886846e-01, -2.080428e-01, 1.500000e+00, 1.000000e+00, 5.000000e-01, 4.000000e+00, 4.000000e+00, 3.000000e+00
9.395000e-01, -2.056300e-01, 8.081876e-02, -2.864488e-01, -2.056300e-01, 1.500000e+00, 1.000000e+00, 5.000000e-01, 4.000000e+00, 4.000000e+00, 3.000000e+00
9.400000e-01, -2.064859e-01, 8.092626e-02, -2.874122e-01, -2.064859e-01, 1.500000e+00, 1.000000e+00, 5.000000e-01, 4.000000e+00, 4.000000e+00, 3.000000e+00
9.405000e-01, -2.071111e-01, 8.108095e-02, -2.881920e-01, -2.071111e-01, 1.500000e+00, 1.000000e+00, 5.000000e-01, 4.000000e+00, 4.000000e+00, 3.000000e+00
9.410000e-01, -2.058192e-01, 8.126826e-02, -2.870874e-01, -2.058192e-01, 1.500000e+00, 1.000000e+00, 5.000000e-01, 4.000000e+00, 4.000000e+00, 3.000000e+00
9.415000e-01, -2.062380e-01, 8.168209e-02, -2.879201e-01, -2.062380e-01, 1.500000e+00, 1.000000e+00, 5.000000e-01, 4.000000e+00, 4.000000e+00, 3.000000e+00
9.420000e-01, -2.071590e-01, 8.166498e-02, -2.888240e-01, -2.071590e-01, 1.500000e+00, 1.000000e+00, 5.000000e-01, 4.000000e+00, 4.000000e+00, 3.000000e+00
9.425000e-01, -2.076361e-01, 8.290241e-02, -2.905385e-01, -2.076361e-01, 1.500000e+00, 1.000000e+00, 5.000000e-01, 4.000000e+00, 4.000000e+00, 3.000000e+00
9.430000e-01, -2.070058e-01, 8.281919e-02, -2.898250e-01, -2.070058e-01, 1.500000e+00, 1.000000e+00, 5.000000e-01, 4.000000e+00, 4.000000e+00, 3.000000e+00
9.435000e-01, -2.065570e-01, 8.523600e-02, -2.917930e-01, -2.065570e-01, 1.500000e+00, 1.000000e+00, 5.000000e-01, 4.000000e+00, 4.000000e+00, 3.000000e+00
9.440000e-01, -2.067064e-01, 8.735803e-02, -2.940645e-01, -2.067064e-01, 1.500000e+00, 1.000000e+00, 5.000000e-01, 4.000000e+00, 4.000000e+00, 3.000000e+00
9.445000e-01, -2.060690e-01, 8.797800e-02, -2.940470e-01, -2.060690e-01, 1.500000e+00, 1.000000e+00, 5.000000e-01, 4.000000e+00, 4.000000e+00, 3.000000e+00
9.450000e-01, -2.066206e-01, 8.903482e-02, -2.956554e-01, -2.066206e-01, 1.500000e+00, 1.000000e+00, 5.000000e-01, 4.000000e+00, 4.000000e+00, 3.000000e+00
9.455000e-01, -2.068241e-01, 9.286541e-02, -2.996895e-01, -2.068241e-01, 1.500000e+00, 1.000000e+00, 5.000000e-01, 4.000000e+00, 4.000000e+00, 3.000000e+00
9.460000e-01, -2.064315e-01, 1.008215e-01, -3.072530e-01, -2.064315e-01, 1.500000e+00, 1.000000e+00, 5.000000e-01, 4.000000e+00, 4.000000e+00, 3.000000e+00
9.465000e-01, -2.070557e-01, 1.004997e-01, -3.075554e-01, -2.070557e-01, 1.500000e+00, 1.000000e+00, 5.000000e-01, 4.000000e+00, 4.000000e+00, 3.000000e+00
9.470000e-01, -2.054547e-01, 1.063900e-01, -3.118448e-01, -2.054547e-01, 1.500000e+00, 1.000000e+00, 5.000000e-01, 4.000000e+00, 4.000000e+00, 3.000000e+00
9.475000e-01, -2.073481e-01, 1.073072e-01, -3.146552e-01, -2.073481e-01, 1.500000e+00, 1.000000e+00, 5.000000e-01, 4.000000e+00, 4.000000e+00, 3.000000e+00
9.480000e-01, -2.059403e-01, 1.095365e-01, -3.154768e-01, -2.059403e-01, 1.500000e+00, 1.000000e+00, 5.000000e-01, 4.000000e+00, 4.000000e+00, 3.000000e+00
9.485000e-01, -2.064473e-01, 1.130053e-01, -3.194526e-01, -2.064473e-01, 1.500000e+00, 1.000000e+00, 5.000000e-01, 4.000000e+00, 4.000000e+00, 3.000000e+00
9.490000e-01, -2.075874e-01, 1.189496e-01, -3.265371e-01, -2.075874e-01, 1.500000e+00, 1.000000e+00, 5.000000e-01, 4.000000e+00, 4.000000e+00, 3.000000e+00
9.495000e-01, -2.068776e-01, 1.237916e-01, -3.306691e-01, -2.068776e-01, 1.500000e+00, 1.000000e+00, 5.000000e-01, 4.000000e+00, 4.000000e+00, 3.000000e+00
9.500000e-01, -2.069935e-01, 1.283104e-01, -3.353038e-01, -2.069935e-01, 1.500000e+00, 1.000000e+00, 5.000000e-01, 4.000000e+00, 4.000000e+00, 3.000000e+00
9.505000e-01, -2.062996e-01, 1.333871e-01, -3.396866e-01, -2.062996e-01, 1.500000e+00, 1.000000e+00, 5.000000e-01, 4.000000e+00, 4.000000e+00, 3.000000e+00
9.510000e-01, -2.065239e-01, 1.327064e-01, -3.392303e-01, -2.065239e-01, 1.500000e+00, 1.000000e+00, 5.000000e-01, 4.000000e+00, 4.000000e+00, 3.000000e+00
9.515000e-01, -2.059122e-01, 1.357368e-01, -3.416490e-01, -2.059122e-01, 1.500000e+00, 1.000000e+00, 5.000000e-01, 4.000000e+00, 4.000000e+00, 3.000000e+00
9.520000e-01, -2.066013e-01, 1.391366e-01, -3.457378e-01, -2.066013e-01, 1.500000e+00, 1.000000e+00, 5.000000e-01, 4.000000e+00, 4.000000e+00, 3.000000e+00
9.525000e-01, -2.065475e-01, 1.402634e-01, -3.468110e-01, -2.065475e-01, 1.500000e+00, 1.000000e+00, 5.000000e-01, 4.000000e+00, 4.000000e+00, 3.000000e+00
9.530000e-01, -2.059788e-01, 1.444179e-01, -3.503967e-01, -2.059788e-01, 1.500000e+00, 1.000000e+00, 5.000000e-01, 4.000000e+00, 4.000000e+00, 3.000000e+00
9.535000e-01, -2.067484e-01, 1.482318e-01, -3.549802e-01, -2.067484e-01, 1.500000e+00, 1.000000e+00, 5.000000e-01, 4.000000e+00, 4.000000e+00, 3.000000e+00
9.540000e-01, -2.064634e-01, 1.510168e-01, -3.574802e-01, -2.064634e-01, 1.500000e+00, 1.000000e+00, 5.000000e-01, 4.000000e+00, 4.000000e+00, 3.000000e+00
9.545000e-01, -2.069398e-01, 1.503140e-01, -3.572538e-01, -2.069398e-01, 1.500000e+00, 1.000000e+00, 5.000000e-01, 4.000000e+00, 4.000000e+00, 3.000000e+00
9.550000e-01, -2.065748e-01, 1.560251e-01, -3.625999e-01, -2.065748e-01, 1.500000e+00, 1.000000e+00, 5.000000e-01, 4.000000e+00, 4.000000e+00, 3.000000e+00
9.555000e-01, -2.072832e-01, 1.606810e-01, -3.679642e-01, -2.072832e-01, 1.500000e+00, 1.000000e+00, 5.000000e-01, 4.000000e+00, 4.000000e+00, 3.000000e+00
9.560000e-01, -2.070984e-01, 1.606002e-01, -3.676986e-01, -2.070984e-01, 1.500000e+00, 1.000000e+00, 5.000000e-01, 4.000000e+00, 4.000000e+00, 3.000000e+00
9.565000e-01, -2.064932e-01, 1.610362e-01, -3.675293e-01, -2.064932e-01, 1.500000e+00, 1.000000e+00, 5.000000e-01, 4.000000e+00, 4.000000e+00, 3.000000e+00
9.570000e-01, -2.072297e-01, 1.657119e-01, -3.729417e-01, -2.072297e-01, 1.500000e+00, 1.000000e+00, 5.000000e-01, 4.000000e+00, 4.000000e+00, 3.000000e+00
9.575000e-01, -2.069353e-01, 1.677347e-01, -3.746701e-01, -2.069353e-01, 1.500000e+00, 1.000000e+00, 5.000000e-01, 4.000000e+00, 4.000000e+00, 3.000000e+00
9.580000e-01, -2.070636e-01, 1.701723e-01, -3.772359e-01, -2.070636e-01, 1.500000e+00, 1.000000e+00, 5.000000e-01, 4.000000e+00, 4.000000e+00, 3.000000e+00
9.585000e-01, -2.070875e-01, 1.684534e-01, -3.755409e-01, -2.070875e-01, 1.500000e+00, 1.000000e+00, 5.000000e-01, 4.000000e+00, 4.000000e+00, 3.000000e+00
9.590000e-01, -2.073647e-01, 1.745171e-01, -3.818818e-01, -2.073647e-01, 1.500000e+00, 1.000000e+00, 5.000000e-01, 4.000000e+00, 4.000000e+00, 3.000000e+00
9.595000e-01, -2.063131e-01, 1.767617e-01, -3.830749e-01, -2.063131e-01, 1.500000e+00, 1.000000e+00, 5.000000e-01, 4.000000e+00, 4.000000e+00, 3.000000e+00
9.600000e-01, -2.065139e-01, 1.791035e-01, -3.856174e-01, -2.065139e-01, 1.500000e+00, 1.000000e+00, 5.000000e-01, 4.000000e+00, 4.000000e+00, 3.000000e+00
9.605000e-01, -2.076453e-01, 1.790475e-01, -3.866928e-01, -2.076453e-01, 1.500000e+00, 1.000000e+00, 5.000000e-01, 4.000000e+00, 4.000000e+00, 3.000000e+00
9.610000e-01, -2.058057e-01, 1.849136e-01, -3.907193e-01, -2.058057e-01, 1.500000e+00, 1.000000e+00, 5.000000e-01, 4.000000e+00, 4.000000e+00, 3.000000e+00
9.615000e-01, -2.061333e-01, 1.846582e-01, -3.907915e-01, -2.061333e-01, 1.500000e+00, 1.000000e+00, 5.000000e-01, 4.000000e+00, 4.000000e+00, 3.000000e+00
9.620000e-01, -2.061457e-01, 1.869083e-01, -3.930541e-01, -2.061457e-01, 1.500000e+00, 1.000000e+00, 5.000000e-01, 4.000000e+00, 4.000000e+00, 3.000000e+00
9.625000e-01, -2.060774e-01, 1.866931e-01, -3.927705e-01, -2.060774e-01, 1.500000e+00, 1.000000e+00, 5.000000e-01, 4.000000e+00, 4.000000e+00, 3.000000e+00
9.630000e-01, -2.069082e-01, 1.887740e-01, -3.956822e-01, -2.069082e-01, 1.500000e+00, 1.000000e+00, 5.000000e-01, 4.000000e+00, 4.000000e+00, 3.000000e+00
9.635000e-01, -2.077391e-01, 1.919004e-01, -3.996395e-01, -2.077391e-01, 1.500000e+00, 1.000000e+00, 5.000000e-01, 4.000000e+00, 4.000000e+00, 3.000000e+00
9.640000e-01, -2.068589e-01, 1.942139e-01, -4.010728e-01, -2.068589e-01, 1.500000e+00, 1.000000e+00, 5.000000e-01, 4.000000e+00, 4.000000e+00, 3.000000e+00
9.645000e-01, -2.070565e-01, 1.937622e-01, -4.008187e-01, -2.070565e-01, 1.500000e+00, 1.000000e+00, 5.000000e-01, 4.000000e+00, 4.000000e+00, 3.000000e+00
9.650000e-01, -2.066166e-01, 1.966463e-01, -4.032629e-01, -2.066166e-01, 1.500000e+00, 1.000000e+00, 5.000000e-01, 4.000000e+00, 4.000000e+00, 3.000000e+00
9.655000e-01, -2.070505e-01, 1.983622e-01, -4.054127e-01, -2.070505e-01, 1.500000e+00, 1.000000e+00, 5.000000e-01, 4.000000e+00, 4.000000e+00, 3.000000e+00
9.660000e-01, -2.062001e-01, 2.010500e-01, -4.072501e-01, -2.062001e-01, 1.500000e+00, 1.000000e+00, 5.000000e-01, 4.000000e+00, 4.000000e+00, 3.000000e+00
9.665000e-01, -2.078493e-01, 2.020219e-01, -4.098712e-01, -2.078493e-01, 1.500000e+00, 1.000000e+00, 5.000000e-01, 4.000000e+00, 4.000000e+00, 3.000000e+00
9.670000e-01, -2.064126e-01, 2.043951e-01, -4.108077e-01, -2.064126e-01, 1.500000e+00, 1.000000e+00, 5.000000e-01, 4.000000e+00, 4.000000e+00, 3.000000e+00
9.675000e-01, -2.061576e-01, 2.056922e-01, -4.118498e-01, -2.061576e-01, 1.500000e+00, 1.000000e+00, 5.000000e-01, 4.000000e+00, 4.000000e+00, 3.000000e+00
9.680000e-01, -2.061065e-01, 2.093036e-01, -4.154101e-01, -2.061065e-01, 1.500000e+00, 1.000000e+00, 5.000000e-01, 4.000000e+00, 4.000000e+00, 3.000000e+00
9.685000e-01, -2.083217e-01, 2.079754e-01, -4.162972e-01, -2.083217e-01, 1.500000e+00, 1.000000e+00, 5.000000e-01, 4.000000e+00, 4.000000e+00, 3.000000e+00
9.690000e-01, -2.057737e-01, 2.116059e-01, -4.173796e-01, -2.057737e-01, 1.500000e+00, 1.000000e+00, 5.000000e-01, 4.000000e+00, 4.000000e+00, 3.000000e+00
9.695000e-01, -2.072755e-01, 2.116999e-01, -4.189754e-01, -2.072755e-01, 1.500000e+00, 1.000000e+00, 5.000000e-01, 4.000000e+00, 4.000000e+00, 3.000000e+00
9.700000e-01, -2.062479e-01, 2.161831e-01, -4.224310e-01, -2.062479e-01, 1.500000e+00, 1.000000e+00, 5.000000e-01, 4.000000e+00, 4.000000e+00, 3.000000e+00
9.705000e-01, -2.070282e-01, 2.149723e-01, -4.220006e-01, -2.070282e-01, 1.500000e+00, 1.000000e+00, 5.000000e-01, 4.000000e+00, 4.000000e+00, 3.000000e+00
9.710000e-01, -2.075038e-01, 2.168687e-01, -4.243725e-01, -2.075038e-01, 1.500000e+00, 1.000000e+00, 5.000000e-01, 4.000000e+00, 4.000000e+00, 3.000000e+00
9.715000e-01, -2.060269e-01, 2.200611e-01, -4.260880e-01, -2.060269e-01, 1.500000e+00, 1.000000e+00, 5.000000e-01, 4.000000e+00, 4.000000e+00, 3.000000e+00
9.720000e-01, -2.068141e-01, 2.200994e-01, -4.269135e-01, -2.068141e-01, 1.500000e+00, 1.000000e+00, 5.000000e-01, 4.000000e+00, 4.000000e+00, 3.000000e+00
9.725000e-01, -2.070991e-01, 2.205672e-01, -4.276663e-01, -2.070991e-01, 1.500000e+00, 1.000000e+00, 5.000000e-01, 4.000000e+00, 4.000000e+00, 3.000000e+00
9.730000e-01, -2.070836e-01, 2.216130e-01, -4.286967e-01, -2.070836e-01, 1.500000e+00, 1.000000e+00, 5.000000e-01, 4.000000e+00, 4.000000e+00, 3.000000e+00
9.735000e-01, -2.072991e-01, 2.238228e-01, -4.311219e-01, -2.072991e-01, 1.500000e+00, 1.000000e+00, 5.000000e-01, 4.000000e+00, 4.000000e+00, 3.000000e+00
9.740000e-01, -2.062881e-01, 2.259402e-01, -4.322283e-01, -2.062881e-01, 1.500000e+00, 1.000000e+00, 5.000000e-01, 4.000000e+00, 4.000000e+00, 3.000000e+00
9.745000e-01, -2.058917e-01, 2.281542e-01, -4.340458e-01, -2.058917e-01, 1.500000e+00, 1.000000e+00, 5.000000e-01, 4.000000e+00, 4.000000e+00, 3.000000e+00
9.750000e-01, -2.074943e-01, 2.271922e-01, -4.346865e-01, -2.074943e-01, 1.500000e+00, 1.000000e+00, 5.000000e-01, 4.000000e+00, 4.000000e+00, 3.000000e+00
9.755000e-01, -2.060903e-01, 2.311983e-01, -4.372886e-01, -2.060903e-01, 1.500000e+00, 1.000000e+00, 5.000000e-01, 4.000000e+00, 4.000000e+00, 3.000000e+00
9.760000e-01, -2.061359e-01, 2.318243e-01, -4.379602e-01, -2.061359e-01, 1.500000e+00, 1.000000e+00, 5.000000e-01, 4.000000e+00, 4.000000e+00, 3.000000e+00
9.765000e-01, -2.064326e-01, 2.329946e-01, -4.394272e-01, -2.064326e-01, 1.500000e+00, 1.000000e+00, 5.000000e-01, 4.000000e+00, 4.000000e+00, 3.000000e+00
9.770000e-01, -2.063824e-01, 2.327676e-01, -4.391500e-01, -2.063824e-01, 1.500000e+00, 1.000000e+00, 5.000000e-01, 4.000000e+00, 4.000000e+00, 3.000000e+00
9.775000e-01, -2.058153e-01, 2.357532e-01, -4.415685e-01, -2.058153e-01, 1.500000e+00, 1.000000e+00, 5.000000e-01, 4.000000e+00, 4.000000e+00, 3.000000e+00
9.780000e-01, -2.072734e-01, 2.354320e-01, -4.427054e-01, -2.072734e-01, 1.500000e+00, 1.000000e+00, 5.000000e-01, 4.000000e+00, 4.000000e+00, 3.000000e+00
9.785000e-01, -2.310001e-01, 2.157626e-01, -4.467627e-01, -2.310001e-01, 1.500000e+00, 1.000000e+00, 5.000000e-01, 4.000000e+00, 4.000000e+00, 3.000000e+00
9.790000e-01, -2.310729e-01, 2.158691e-01, -4.469421e-01, -2.310729e-01, 1.500000e+00, 1.000000e+00, 5.000000e-01, 4.000000e+00, 4.000000e+00, 3.000000e+00
9.795000e-01, -2.074817e-01, 2.410407e-01, -4.485224e-01, -2.074817e-01, 1.500000e+00, 1.000000e+00, 5.000000e-01, 4.000000e+00, 4.000000e+00, 3.000000e+00
9.800000e-01, -2.552450e-01, 1.966601e-01, -4.519051e-01, -2.552450e-01, 1.500000e+00, 1.000000e+00, 5.000000e-01, 4.000000e+00, 4.000000e+00, 3.000000e+00
9.805000e-01, -2.303196e-01, 2.207625e-01, -4.510821e-01, -2.303196e-01, 1.500000e+00, 1.000000e+00, 5.000000e-01, 4.000000e+00, 4.000000e+00, 3.000000e+00
9.810000e-01, -2.791226e-01, 1.747936e-01, -4.539162e-01, -2.791226e-01, 1.500000e+00, 1.000000e+00, 5.000000e-01, 4.000000e+00, 4.000000e+00, 3.000000e+00
9.815000e-01, -2.313696e-01, 2.234112e-01, -4.547808e-01, -2.313696e-01, 1.500000e+00, 1.000000e+00, 5.000000e-01, 4.000000e+00, 4.000000e+00, 3.000000e+00
9.820000e-01, -2.797563e-01, 1.782986e-01, -4.580549e-01, -2.797563e-01, 1.500000e+00, 1.000000e+00, 5.000000e-01, 4.000000e+00, 4.000000e+00, 3.000000e+00
9.825000e-01, -2.560140e-01, 2.027446e-01, -4.587586e-01, -2.560140e-01, 1.500000e+00, 1.000000e+00, 5.000000e-01, 4.000000e+00, 4.000000e+00, 3.000000e+00
9.830000e-01, -2.808280e-01, 1.796770e-01, -4.605050e-01, -2.808280e-01, 1.500000e+00, 1.000000e+00, 5.000000e-01, 4.000000e+00, 4.000000e+00, 3.000000e+00
9.835000e-01, -2.795122e-01, 1.822328e-01, -4.617450e-01, -2.795122e-01, 1.500000e+00, 1.000000e+00, 5.000000e-01, 4.000000e+00, 4.000000e+00, 3.000000e+00
9.840000e-01, -2.804464e-01, 1.820021e-01, -4.624485e-01, -2.804464e-01, 1.500000e+00, 1.000000e+00, 5.000000e-01, 4.000000e+00, 4.000000e+00, 3.000000e+00
9.845000e-01, -2.795554e-01, 1.842489e-01, -4.638043e-01, -2.795554e-01, 1.500000e+00, 1.000000e+00, 5.000000e-01, 4.000000e+00, 4.000000e+00, 3.000000e+00
9.850000e-01, -2.792156e-01, 1.868114e-01, -4.660270e-01, -2.792156e-01, 1.500000e+00, 1.000000e+00, 5.000000e-01, 4.000000e+00, 4.000000e+00, 3.000000e+00
9.855000e-01, -2.793176e-01, 1.887896e-01, -4.681073e-01, -2.793176e-01, 1.500000e+00, 1.000000e+00, 5.000000e-01, 4.000000e+00, 4.000000e+00, 3.000000e+00
9.860000e-01, -2.808158e-01, 1.866347e-01, -4.674504e-01, -2.808158e-01, 1.500000e+00, 1.000000e+00, 5.000000e-01, 4.000000e+00, 4.000000e+00, 3.000000e+00
9.865000e-01, -2.788931e-01, 1.901662e-01, -4.690593e-01, -2.788931e-01, 1.500000e+00, 1.000000e+00, 5.000000e-01, 4.000000e+00, 4.000000e+00, 3.000000e+00
9.870000e-01, -2.803353e-01, 1.922303e-01, -4.725656e-01, -2.803353e-01, 1.500000e+00, 1.000000e+00, 5.000000e-01, 4.000000e+00, 4.000000e+00, 3.000000e+00
9.875000e-01, -2.799642e-01, 1.922002e-01, -4.721644e-01, -2.799642e-01, 1.500000e+00, 1.000000e+00, 5.000000e-01, 4.000000e+00, 4.000000e+00, 3.000000e+00
9.880000e-01, -2.806933e-01, 1.931659e-01, -4.738592e-01, -2.806933e-01, 1.500000e+00, 1.000000e+00, 5.000000e-01, 4.000000e+00, 4.000000e+00, 3.000000e+00
9.885000e-01, -2.800979e-01, 1.960325e-01, -4.761304e-01, -2.800979e-01, 1.500000e+00, 1.000000e+00, 5.000000e-01, 4.000000e+00, 4.000000e+00, 3.000000e+00
9.890000e-01, -2.798908e-01, 1.982597e-01, -4.781505e-01, -2.798908e-01, 1.500000e+00, 1.000000e+00, 5.000000e-01, 4.000000e+00, 4.000000e+00, 3.000000e+00
9.895000e-01, -2.804501e-01, 1.995058e-01, -4.799559e-01, -2.804501e-01, 1.500000e+00, 1.000000e+00, 5.000000e-01, 4.000000e+00, 4.000000e+00, 3.000000e+00
9.900000e-01, -2.804214e-01, 2.013393e-01, -4.817606e-01, -2.804214e-01, 1.500000e+00, 1.000000e+00, 5.000000e-01, 4.000000e+00, 4.000000e+00, 3.000000e+00
9.905000e-01, -2.799394e-01, 2.028092e-01, -4.827487e-01, -2.799394e-01, 1.500000e+00, 1.000000e+00, 5.000000e-01, 4.000000e+00, 4.000000e+00, 3.000000e+00
9.910000e-01, -2.810169e-01, 1.958223e-01, -4.768392e-01, -2.810169e-01, 1.500000e+00, 1.000000e+00, 5.000000e-01, 4.000000e+00, 4.000000e+00, 3.000000e+00
9.915000e-01, -2.799686e-01, 2.041289e-01, -4.840975e-01, -2.799686e-01, 1.500000e+00, 1.000000e+00, 5.000000e-01, 4.000000e+00, 4.000000e+00, 3.000000e+00
9.920000e-01, -2.713248e-01, 2.027611e-01, -4.740859e-01, -2.713248e-01, 1.500000e+00, 1.000000e+00, 5.000000e-01, 4.000000e+00, 4.000000e+00, 3.000000e+00
9.925000e-01, -2.398068e-01, 2.342294e-01, -4.740362e-01, -2.398068e-01, 1.500000e+00, 1.000000e+00, 5.000000e-01, 4.000000e+00, 4.000000e+00, 3.000000e+00
9.930000e-01, -2.118061e-01, 2.674303e-01, -4.792364e-01, -2.118061e-01, 1.500000e+00, 1.000000e+00, 5.000000e-01, 4.000000e+00, 4.000000e+00, 3.000000e+00
9.935000e-01, -2.158098e-01, 2.732866e-01, -4.890964e-01, -2.158098e-01, 1.500000e+00, 1.000000e+00, 5.000000e-01, 4.000000e+00, 4.000000e+00, 3.000000e+00
9.940000e-01, -2.108996e-01, 2.783838e-01, -4.892834e-01, -2.108996e-01, 1.500000e+00, 1.000000e+00, 5.000000e-01, 4.000000e+00, 4.000000e+00, 3.000000e+00
9.945000e-01, -2.062603e-01, 2.899542e-01, -4.962145e-01, -2.062603e-01, 1.500000e+00, 1.000000e+00, 5.000000e-01, 4.000000e+00, 4.000000e+00, 3.000000e+00
9.950000e-01, -2.090987e-01, 2.920832e-01, -5.011819e-01, -2.090987e-01, 1.500000e+00, 1.000000e+00, 5.000000e-01, 4.000000e+00, 4.000000e+00, 3.000000e+00
9.955000e-01, -2.070441e-01, 2.957267e-01, -5.027707e-01, -2.070441e-01, 1.500000e+00, 1.000000e+00, 5.000000e-01, 4.000000e+00, 4.000000e+00, 3.000000e+00
9.960000e-01, -2.059868e-01, 2.956521e-01, -5.016389e-01, -2.059868e-01, 1.500000e+00, 1.000000e+00, 5.000000e-01, 4.000000e+00, 4.000000e+00, 3.000000e+00
9.965000e-01, -2.069381e-01, 2.959791e-01, -5.029172e-01, -2.069381e-01, 1.500000e+00, 1.000000e+00, 5.000000e-01, 4.000000e+00, 4.000000e+00, 3.000000e+00
9.970000e-01, -2.069439e-01, 2.977626e-01, -5.047065e-01, -2.069439e-01, 1.500000e+00, 1.000000e+00, 5.000000e-01, 4.000000e+00, 4.000000e+00, 3.000000e+00
9.975000e-01, -2.063072e-01, 2.991005e-01, -5.054077e-01, -2.063072e-01, 1.500000e+00, 1.000000e+00, 5.000000e-01, 4.000000e+00, 4.000000e+00, 3.000000e+00
9.980000e-01, -2.067052e-01, 3.006606e-01, -5.073658e-01, -2.067052e-01, 1.500000e+00, 1.000000e+00, 5.000000e-01, 4.000000e+00, 4.000000e+00, 3.000000e+00
9.985000e-01, -2.055273e-01, 3.022545e-01, -5.077818e-01, -2.055273e-01, 1.500000e+00, 1.000000e+00, 5.000000e-01, 4.000000e+00, 4.000000e+00, 3.000000e+00
9.990000e-01, -2.054489e-01, 3.035394e-01, -5.089882e-01, -2.054489e-01, 1.500000e+00, 1.000000e+00, 5.000000e-01, 4.000000e+00, 4.000000e+00, 3.000000e+00
9.995000e-01, -2.069427e-01, 3.031828e-01, -5.101255e-01, -2.069427e-01, 1.500000e+00, 1.000000e+00, 5.000000e-01, 4.000000e+00, 4.000000e+00, 3.000000e+00
1.000000e+00, -2.063955e-01, 3.050403e-01, -5.114359e-01, -2.063955e-01, 1.500000e+00, 1.000000e+00, 5.000000e-01, 4.000000e+00, 4.000000e+00, 3.000000e+00
1.000500e+00, -2.057888e-01, 3.071262e-01, -5.129150e-01, -2.057888e-01, 1.500000e+00, 1.000000e+00, 5.000000e-01, 4.000000e+00, 4.000000e+00, 3.000000e+00
1.001000e+00, -1.937920e-01, 3.199622e-01, -5.137543e-01, -1.937920e-01, 1.500000e+00, 1.000000e+00, 5.000000e-01, 4.000000e+00, 4.000000e+00, 3.000000e+00
1.001500e+00, -1.987406e-01, 3.149136e-01, -5.136543e-01, -1.987406e-01, 1.500000e+00, 1.000000e+00, 5.000000e-01, 4.000000e+00, 4.000000e+00, 3.000000e+00
1.002000e+00, -1.980387e-01, 3.182797e-01, -5.163184e-01, -1.980387e-01, 1.500000e+00, 1.000000e+00, 5.000000e-01, 4.000000e+00, 4.000000e+00, 3.000000e+00
1.002500e+00, -1.723517e-01, 3.390355e-01, -5.113872e-01, -1.723517e-01, 1.500000e+00, 1.000000e+00, 5.000000e-01, 4.000000e+00, 4.000000e+00, 3.000000e+00
1.003000e+00, -1.646638e-01, 3.515138e-01, -5.161776e-01, -1.646638e-01, 1.500000e+00, 1.000000e+00, 5.000000e-01, 4.000000e+00, 4.000000e+00, 3.000000e+00
1.003500e+00, -1.219598e-01, 3.825538e-01, -5.045136e-01, -1.219598e-01, 1.500000e+00, 1.000000e+00, 5.000000e-01, 4.000000e+00, 4.000000e+00, 3.000000e+00
1.004000e+00, -1.673432e-01, 3.485589e-01, -5.159021e-01, -1.673432e-01, 1.500000e+00, 1.000000e+00, 5.000000e-01, 4.000000e+00, 4.000000e+00, 3.000000e+00
1.004500e+00, -1.299484e-01, 3.865312e-01, -5.164796e-01, -1.299484e-01, 1.500000e+00, 1.000000e+00, 5.000000e-01, 4.000000e+00, 4.000000e+00, 3.000000e+00
1.005000e+00, -1.211078e-01, 3.943746e-01, -5.154825e-01, -1.211078e-01, 1.500000e+00, 1.000000e+00, 5.000000e-01, 4.000000e+00, 4.000000e+00, 3.000000e+00
1.005500e+00, -1.145002e-01, 3.994848e-01, -5.139850e-01, -1.145002e-01, 1.500000e+00, 1.000000e+00, 5.000000e-01, 4.000000e+00, 4.000000e+00, 3.000000e+00
1.006000e+00, -1.101351e-01, 4.040202e-01, -5.141553e-01, -1.101351e-01, 1.500000e+00, 1.000000e+00, 5.000000e-01, 4.000000e+00, 4.000000e+00, 3.000000e+00
1.006500e+00, -1.252237e-01, 3.973361e-01, -5.225598e-01, -1.252237e-01, 1.500000e+00, 1.000000e+00, 5.000000e-01, 4.000000e+00, 4.000000e+00, 3.000000e+00
1.007000e+00, -1.069958e-01, 4.119756e-01, -5.189714e-01, -1.069958e-01, 1.500000e+00, 1.000000e+00, 5.000000e-01, 4.000000e+00, 4.000000e+00, 3.000000e+00
1.007500e+00, -1.066189e-01, 4.134073e-01, -5.200262e-01, -1.066189e-01, 1.500000e+00, 1.000000e+00, 5.000000e-01, 4.000000e+00, 4.000000e+00, 3.000000e+00
1.008000e+00, -1.061713e-01, 4.173354e-01, -5.235067e-01, -1.061713e-01, 1.500000e+00, 1.000000e+00, 5.000000e-01, 4.000000e+00, 4.000000e+00, 3.000000e+00
1.008500e+00, -1.028719e-01, 4.210213e-01, -5.238932e-01, -1.028719e-01, 1.500000e+00, 1.000000e+00, 5.000000e-01, 4.000000e+00, 4.000000e+00, 3.000000e+00
1.009000e+00, -1.027801e-01, 4.242955e-01, -5.270756e-01, -1.027801e-01, 1.500000e+00, 1.000000e+00, 5.000000e-01, 4.000000e+00, 4.000000e+00, 3.000000e+00
1.009500e+00, -8.493448e-02, 4.428357e-01, -5.277701e-01, -8.493448e-02, 1.500000e+00, 1.000000e+00, 5.000000e-01, 4.000000e+00, 4.000000e+00, 3.000000e+00
1.010000e+00, -6.351407e-02, 4.655968e-01, -5.291109e-01, -6.351407e-02, 1.500000e+00, 1.000000e+00, 5.000000e-01, 4.000000e+00, 4.000000e+00, 3.000000e+00
1.010500e+00, -4.641671e-02, 4.775576e-01, -5.239743e-01, -4.641671e-02, 1.500000e+00, 1.000000e+00, 5.000000e-01, 4.000000e+00, 4.000000e+00, 3.000000e+00
1.011000e+00, -3.540342e-02, 4.912939e-01, -5.266974e-01, -3.540342e-02, 1.500000e+00, 1.000000e+00, 5.000000e-01, 4.000000e+00, 4.000000e+00, 3.000000e+00
1.011500e+00, -7.300864e-03, 5.102156e-01, -5.175165e-01, -7.300864e-03, 1.500000e+00, 1.000000e+00, 5.000000e-01, 4.000000e+00, 4.000000e+00, 3.000000e+00
1.012000e+00, 2.021398e-03, 5.235460e-01, -5.215246e-01, 2.021398e-03, 1.500000e+00, 1.000000e+00, 5.000000e-01, 4.000000e+00, 4.000000e+00, 3.000000e+00
1.012500e+00, 9.020419e-03, 5.331859e-01, -5.241655e-01, 9.020419e-03, 1.500000e+00, 1.000000e+00, 5.000000e-01, 4.000000e+00, 4.000000e+00, 3.000000e+00
1.013000e+00, 4.337920e-03, 5.344707e-01, -5.301328e-01, 4.337920e-03, 1.500000e+00, 1.000000e+00, 5.000000e-01, 4.000000e+00, 4.000000e+00, 3.000000e+00
1.013500e+00, 1.120974e-02, 5.471885e-01, -5.359788e-01, 1.120974e-02, 1.500000e+00, 1.000000e+00, 5.000000e-01, 4.000000e+00, 4.000000e+00, 3.000000e+00
1.014000e+00, 1.325374e-02, 5.519078e-01, -5.386540e-01, 1.325374e-02, 1.500000e+00, 1.000000e+00, 5.000000e-01, 4.000000e+00, 4.000000e+00, 3.000000e+00
1.014500e+00, 1.261939e-02, 5.529666e-01, -5.403472e-01, 1.261939e-02, 1.500000e+00, 1.000000e+00, 5.000000e-01, 4.000000e+00, 4.000000e+00, 3.000000e+00
1.015000e+00, 1.320572e-02, 5.551755e-01, -5.419698e-01, 1.320572e-02, 1.500000e+00, 1.000000e+00, 5.000000e-01, 4.000000e+00, 4.000000e+00, 3.000000e+00
1.015500e+00, 1.399958e-02, 5.568427e-01, -5.428431e-01, 1.399958e-02, 1.500000e+00, 1.000000e+00, 5.000000e-01, 4.000000e+00, 4.000000e+00, 3.000000e+00
1.016000e+00, 1.429919e-02, 5.596000e-01, -5.453008e-01, 1.429919e-02, 1.500000e+00, 1.000000e+00, 5.000000e-01, 4.000000e+00, 4.000000e+00, 3.000000e+00
1.016500e+00, 1.428638e-02, 5.632295e-01, -5.489431e-01, 1.428638e-02, 1.500000e+00, 1.000000e+00, 5.000000e-01, 4.000000e+00, 4.000000e+00, 3.000000e+00
1.017000e+00, 1.369144e-02, 5.646230e-01, -5.509315e-01, 1.369144e-02, 1.500000e+00, 1.000000e+00, 5.000000e-01, 4.000000e+00, 4.000000e+00, 3.000000e+00
1.017500e+00, 1.357209e-02, 5.688109e-01, -5.552388e-01, 1.357209e-02, 1.500000e+00, 1.000000e+00, 5.000000e-01, 4.000000e+00, 4.000000e+00, 3.000000e+00
1.018000e+00, 1.412695e-02, 5.705760e-01, -5.564490e-01, 1.412695e-02, 1.500000e+00, 1.000000e+00, 5.000000e-01, 4.000000e+00, 4.000000e+00, 3.000000e+00
1.018500e+00, 1.339994e-02, 5.738409e-01, -5.604409e-01, 1.339994e-02, 1.500000e+00, 1.000000e+00, 5.000000e-01, 4.000000e+00, 4.000000e+00, 3.000000e+00
1.019000e+00, 1.472946e-02, 5.746435e-01, -5.599141e-01, 1.472946e-02, 1.500000e+00, 1.000000e+00, 5.000000e-01, 4.000000e+00, 4.000000e+00, 3.000000e+00
1.019500e+00, 1.493697e-02, 5.785627e-01, -5.636257e-01, 1.493697e-02, 1.500000e+00, 1.000000e+00, 5.000000e-01, 4.000000e+00, 4.000000e+00, 3.000000e+00
1.020000e+00, 1.436210e-02, 5.793344e-01, -5.649723e-01, 1.436210e-02, 1.500000e+00, 1.000000e+00, 5.000000e-01, 4.000000e+00, 4.000000e+00, 3.000000e+00
1.020500e+00, 1.626943e-02, 5.840413e-01, -5.677719e-01, 1.626943e-02, 1.500000e+00, 1.000000e+00, 5.000000e-01, 4.000000e+00, 4.000000e+00, 3.000000e+00
1.021000e+00, 1.613459e-02, 5.874891e-01, -5.713545e-01, 1.613459e-02, 1.500000e+00, 1.000000e+00, 5.000000e-01, 4.000000e+00, 4.000000e+00, 3.000000e+00
1.021500e+00, 1.771861e-02, 5.910030e-01, -5.732844e-01, 1.771861e-02, 1.500000e+00, 1.000000e+00, 5.000000e-01, 4.000000e+00, 4.000000e+00, 3.000000e+00
1.022000e+00, 1.622934e-02, 5.926677e-01, -5.764383e-01, 1.622934e-02, 1.500000e+00, 1.000000e+00, 5.000000e-01, 4.000000e+00, 4.000000e+00, 3.000000e+00
1.022500e+00, 1.735119e-02, 5.960438e-01, -5.786926e-01, 1.735119e-02, 1.500000e+00, 1.000000e+00, 5.000000e-01, 4.000000e+00, 4.000000e+00, 3.000000e+00
1.023000e+00, 1.866818e-02, 5.997555e-01, -5.810874e-01, 1.866818e-02, 1.500000e+00, 1.000000e+00, 5.000000e-01, 4.000000e+00, 4.000000e+00, 3.000000e+00
1.023500e+00, 2.129024e-02, 6.040571e-01, -5.827669e-01, 2.129024e-02, 1.500000e+00, 1.000000e+00, 5.000000e-01, 4.000000e+00, 4.000000e+00, 3.000000e+00
1.024000e+00, 2.063727e-02, 6.056877e-01, -5.850504e-01, 2.063727e-02, 1.500000e+00, 1.000000e+00, 5.000000e-01, 4.000000e+00, 4.000000e+00, 3.000000e+00
1.024500e+00, 2.168718e-02, 6.093441e-01, -5.876569e-01, 2.168718e-02, 1.500000e+00, 1.000000e+00, 5.000000e-01, 4.000000e+00, 4.000000e+00, 3.000000e+00
1.025000e+00, 2.117313e-02, 6.125905e-01, -5.914174e-01, 2.117313e-02, 1.500000e+00, 1.000000e+00, 5.000000e-01, 4.000000e+00, 4.000000e+00, 3.000000e+00
1.025500e+00, 2.364888e-02, 6.176965e-01, -5.940476e-01, 2.364888e-02, 1.500000e+00, 1.000000e+00, 5.000000e-01, 4.000000e+00, 4.000000e+00, 3.000000e+00
1.026000e+00, 2.429091e-02, 6.228113e-01, -5.985203e-01, 2.429091e-02, 1.500000e+00, 1.000000e+00, 5.000000e-01, 4.000000e+00, 4.000000e+00, 3.000000e+00
1.026500e+00, 2.353273e-02, 6.225322e-01, -5.989995e-01, 2.353273e-02, 1.500000e+00, 1.000000e+00, 5.000000e-01, 4.000000e+00, 4.000000e+00, 3.000000e+00
1.027000e+00, 2.589552e-02, 6.288359e-01, -6.029403e-01, 2.589552e-02, 1.500000e+00, 1.000000e+00, 5.000000e-01, 4.000000e+00, 4.000000e+00, 3.000000e+00
1.027500e+00, 2.553485e-02, 6.327575e-01, -6.072226e-01, 2.553485e-02, 1.500000e+00, 1.000000e+00, 5.000000e-01, 4.000000e+00, 4.000000e+00, 3.000000e+00
1.028000e+00, 2.982553e-02, 6.362271e-01, -6.064015e-01, 2.982553e-02, 1.500000e+00, 1.000000e+00, 5.000000e-01, 4.000000e+00, 4.000000e+00, 3.000000e+00
1.028500e+00, 2.597144e-02, 6.372773e-01, -6.113059e-01, 2.597144e-02, 1.500000e+00, 1.000000e+00, 5.000000e-01, 4.000000e+00, 4.000000e+00, 3.000000e+00
1.029000e+00, 2.772790e-02, 6.417615e-01, -6.140336e-01, 2.772790e-02, 1.500000e+00, 1.000000e+00, 5.000000e-01, 4.000000e+00, 4.000000e+00, 3.000000e+00
1.029500e+00, 2.871925e-02, 6.457776e-01, -6.170583e-01, 2.871925e-02, 1.500000e+00, 1.000000e+00, 5.000000e-01, 4.000000e+00, 4.000000e+00, 3.000000e+00
1.030000e+00, 3.096295e-02, 6.506039e-01, -6.196409e-01, 3.096295e-02, 1.500000e+00, 1.000000e+00, 5.000000e-01, 4.000000e+00, 4.000000e+00, 3.000000e+00
1.030500e+00, 3.138403e-02, 6.534003e-01, -6.220162e-01, 3.138403e-02, 1.500000e+00, 1.000000e+00, 5.000000e-01, 4.000000e+00, 4.000000e+00, 3.000000e+00
1.031000e+00, 3.133601e-02, 6.563811e-01, -6.250451e-01, 3.133601e-02, 1.500000e+00, 1.000000e+00, 5.000000e-01, 4.000000e+00, 4.000000e+00, 3.000000e+00
1.031500e+00, 3.333555e-02, 6.601095e-01, -6.267740e-01, 3.333555e-02, 1.500000e+00, 1.000000e+00, 5.000000e-01, 4.000000e+00, 4.000000e+00, 3.000000e+00
1.032000e+00, 3.481143e-02, 6.626868e-01, -6.278754e-01, 3.481143e-02, 1.500000e+00, 1.000000e+00, 5.000000e-01, 4.000000e+00, 4.000000e+00, 3.000000e+00
1.032500e+00, 1.839527e-02, 6.599186e-01, -6.415233e-01, 1.839527e-02, 1.500000e+00, 1.000000e+00, 5.000000e-01, 4.000000e+00, 4.000000e+00, 3.000000e+00
1.033000e+00, 3.030075e-02, 6.631730e-01, -6.328723e-01, 3.030075e-02, 1.500000e+00, 1.000000e+00, 5.000000e-01, 4.000000e+00, 4.000000e+00, 3.000000e+00
1.033500e+00, 2.901414e-02, 6.651116e-01, -6.360975e-01, 2.901414e-02, 1.500000e+00, 1.000000e+00, 5.000000e-01, 4.000000e+00, 4.000000e+00, 3.000000e+00
1.034000e+00, 1.594337e-02, 6.639942e-01, -6.480508e-01, 1.594337e-02, 1.500000e+00, 1.000000e+00, 5.000000e-01, 4.000000e+00, 4.000000e+00, 3.000000e+00
1.034500e+00, 2.730366e-02, 6.701288e-01, -6.428251e-01, 2.730366e-02, 1.500000e+00, 1.000000e+00, 5.000000e-01, 4.000000e+00, 4.000000e+00, 3.000000e+00
1.035000e+00, 2.278625e-02, 6.690083e-01, -6.462220e-01, 2.278625e-02, 1.500000e+00, 1.000000e+00, 5.000000e-01, 4.000000e+00, 4.000000e+00, 3.000000e+00
9.300000e-01, 1.370471e-02, 8.009842e-02, -6.639371e-02, 1.370471e-02, 1.500000e+00, 1.000000e+00, 5.000000e-01, 4.000000e+00, 4.000000e+00, 3.100000e+00
9.305000e-01, 1.329817e-02, 8.007904e-02, -6.678087e-02, 1.329817e-02, 1.500000e+00, 1.000000e+00, 5.000000e-01, 4.000000e+00, 4.000000e+00, 3.100000e+00
9.310000e-01, 1.269002e-02, 8.008684e-02, -6.739683e-02, 1.269002e-02, 1.500000e+00, 1.000000e+00, 5.000000e-01, 4.000000e+00, 4.000000e+00, 3.100000e+00
9.315000e-01, 1.318798e-02, 8.007671e-02, -6.688872e-02, 1.318798e-02, 1.500000e+00, 1.000000e+00, 5.000000e-01, 4.000000e+00, 4.000000e+00, 3.100000e+00
9.320000e-01, 1.237544e-02, 8.009922e-02, -6.772379e-02, 1.237544e-02, 1.500000e+00, 1.000000e+00, 5.000000e-01, 4.000000e+00, 4.000000e+00, 3.100000e+00
9.325000e-01, 1.335776e-02, 8.009794e-02, -6.674019e-02, 1.335776e-02, 1.500000e+00, 1.000000e+00, 5.000000e-01, 4.000000e+00, 4.000000e+00, 3.100000e+00
9.330000e-01, 1.225985e-02, 8.009100e-02, -6.783116e-02, 1.225985e-02, 1.500000e+00, 1.000000e+00, 5.000000e-01, 4.000000e+00, 4.000000e+00, 3.100000e+00
9.335000e-01, 1.394667e-02, 8.009884e-02, -6.615217e-02, 1.394667e-02, 1.500000e+00, 1.000000e+00, 5.000000e-01, 4.000000e+00, 4.000000e+00, 3.100000e+00
9.340000e-01, 1.348641e-02, 8.009546e-02, -6.660905e-02, 1.348641e-02, 1.500000e+00, 1.000000e+00, 5.000000e-01, 4.000000e+00, 4.000000e+00, 3.100000e+00
9.345000e-01, 1.333659e-02, 8.011105e-02, -6.677447e-02, 1.333659e-02, 1.500000e+00, 1.000000e+00, 5.000000e-01, 4.000000e+00, 4.000000e+00, 3.100000e+00
9.350000e-01, 1.324434e-02, 8.011511e-02, -6.687076e-02, 1.324434e-02, 1.500000e+00, 1.000000e+00, 5.000000e-01, 4.000000e+00, 4.000000e+00, 3.100000e+00
9.355000e-01, 1.390502e-02, 8.011124e-02, -6.620622e-02, 1.390502e-02, 1.500000e+00, 1.000000e+00, 5.000000e-01, 4.000000e+00, 4.000000e+00, 3.100000e+00
9.360000e-01, 1.335018e-02, 8.012480e-02, -6.677463e-02, 1.335018e-02, 1.500000e+00, 1.000000e+00, 5.000000e-01, 4.000000e+00, 4.000000e+00, 3.100000e+00
9.365000e-01, 1.290186e-02, 8.009986e-02, -6.719800e-02, 1.290186e-02, 1.500000e+00, 1.000000e+00, 5.000000e-01, 4.000000e+00, 4.000000e+00, 3.100000e+00
9.370000e-01, 1.306951e-02, 8.013999e-02, -6.707048e-02, 1.306951e-02, 1.500000e+00, 1.000000e+00, 5.000000e-01, 4.000000e+00, 4.000000e+00, 3.100000e+00
9.375000e-01, 1.239602e-02, 8.013878e-02, -6.774276e-02, 1.239602e-02, 1.500000e+00, 1.000000e+00, 5.000000e-01, 4.000000e+00, 4.000000e+00, 3.100000e+00
9.380000e-01, 1.233973e-02, 8.015937e-02, -6.781964e-02, 1.233973e-02, 1.500000e+00, 1.000000e+00, 5.000000e-01, 4.000000e+00, 4.000000e+00, 3.100000e+00
9.385000e-01, 1.371132e-02, 9.604021e-02, -8.232889e-02, 1.371132e-02, 1.500000e+00, 1.000000e+00, 5.000000e-01, 4.000000e+00, 4.000000e+00, 3.100000e+00
9.390000e-01, 1.463568e-02, 8.444387e-02, -6.980819e-02, 1.463568e-02, 1.500000e+00, 1.000000e+00, 5.000000e-01, 4.000000e+00, 4.000000e+00, 3.100000e+00
9.395000e-01, 1.352804e-02, 1.420939e-01, -1.285659e-01, 1.352804e-02, 1.500000e+00, 1.000000e+00, 5.000000e-01, 4.000000e+00, 4.000000e+00, 3.100000e+00
9.400000e-01, 1.379797e-02, 1.400171e-01, -1.262191e-01, 1.379797e-02, 1.500000e+00, 1.000000e+00, 5.000000e-01, 4.000000e+00, 4.000000e+00, 3.100000e+00
9.405000e-01, 1.356898e-02, 1.937920e-01, -1.802230e-01, 1.356898e-02, 1.500000e+00, 1.000000e+00, 5.000000e-01, 4.000000e+00, 4.000000e+00, 3.100000e+00
9.410000e-01, 1.297640e-02, 2.146621e-01, -2.016857e-01, 1.297640e-02, 1.500000e+00, 1.000000e+00, 5.000000e-01, 4.000000e+00, 4.000000e+00, 3.100000e+00
9.415000e-01, -9.883170e-03, 2.135589e-01, -2.234421e-01, -9.883170e-03, 1.500000e+00, 1.000000e+00, 5.000000e-01, 4.000000e+00, 4.000000e+00, 3.100000e+00
9.420000e-01, -8.493349e-02, 1.687914e-01, -2.537249e-01, -8.493349e-02, 1.500000e+00, 1.000000e+00, 5.000000e-01, 4.000000e+00, 4.000000e+00, 3.100000e+00
9.425000e-01, -1.091073e-01, 1.607817e-01, -2.698890e-01, -1.091073e-01, 1.500000e+00, 1.000000e+00, 5.000000e-01, 4.000000e+00, 4.000000e+00, 3.100000e+00
9.430000e-01, -8.593253e-02, 1.827290e-01, -2.686616e-01, -8.593253e-02, 1.500000e+00, 1.000000e+00, 5.000000e-01, 4.000000e+00, 4.000000e+00, 3.100000e+00
9.435000e-01, -2.102545e-01, 7.856011e-02, -2.888146e-01, -2.102545e-01, 1.500000e+00, 1.000000e+00, 5.000000e-01, 4.000000e+00, 4.000000e+00, 3.100000e+00
9.440000e-01, -2.094764e-01, 8.019827e-02, -2.896747e-01, -2.094764e-01, 1.500000e+00, 1.000000e+00, 5.000000e-01, 4.000000e+00, 4.000000e+00, 3.100000e+00
9.445000e-01, -2.084379e-01, 7.968628e-02, -2.881242e-01, -2.084379e-01, 1.500000e+00, 1.000000e+00, 5.000000e-01, 4.000000e+00, 4.000000e+00, 3.100000e+00
9.450000e-01, -2.093631e-01, 8.050545e-02, -2.898686e-01, -2.093631e-01, 1.500000e+00, 1.000000e+00, 5.000000e-01, 4.000000e+00, 4.000000e+00, 3.100000e+00
9.455000e-01, -2.075143e-01, 8.072595e-02, -2.882402e-01, -2.075143e-01, 1.500000e+00, 1.000000e+00, 5.000000e-01, 4.000000e+00, 4.000000e+00, 3.100000e+00
9.460000e-01, -2.087889e-01, 8.106516e-02, -2.898541e-01, -2.087889e-01, 1.500000e+00, 1.000000e+00, 5.000000e-01, 4.000000e+00, 4.000000e+00, 3.100000e+00
9.465000e-01, -2.091357e-01, 8.084517e-02, -2.899808e-01, -2.091357e-01, 1.500000e+00, 1.000000e+00, 5.000000e-01, 4.000000e+00, 4.000000e+00, 3.100000e+00
9.470000e-01, -2.076215e-01, 8.161483e-02, -2.892363e-01, -2.076215e-01, 1.500000e+00, 1.000000e+00, 5.000000e-01, 4.000000e+00, 4.000000e+00, 3.100000e+00
9.475000e-01, -2.080530e-01, 8.127864e-02, -2.893317e-01, -2.080530e-01, 1.500000e+00, 1.000000e+00, 5.000000e-01, 4.000000e+00, 4.000000e+00, 3.100000e+00
9.480000e-01, -2.065790e-01, 8.152955e-02, -2.881086e-01, -2.065790e-01, 1.500000e+00, 1.000000e+00, 5.000000e-01, 4.000000e+00, 4.000000e+00, 3.100000e+00
9.485000e-01, -2.085611e-01, 8.202939e-02, -2.905905e-01, -2.085611e-01, 1.500000e+00, 1.000000e+00, 5.000000e-01, 4.000000e+00, 4.000000e+00, 3.100000e+00
9.490000e-01, -2.091480e-01, 8.421353e-02, -2.933615e-01, -2.091480e-01, 1.500000e+00, 1.000000e+00, 5.000000e-01, 4.000000e+00, 4.000000e+00, 3.100000e+00
9.495000e-01, -2.086519e-01, 8.539077e-02, -2.940427e-01, -2.086519e-01, 1.500000e+00, 1.000000e+00, 5.000000e-01, 4.000000e+00, 4.000000e+00, 3.100000e+00
9.500000e-01, -2.091545e-01, 8.704812e-02, -2.962027e-01, -2.091545e-01, 1.500000e+00, 1.000000e+00, 5.000000e-01, 4.000000e+00, 4.000000e+00, 3.100000e+00
9.505000e-01, -2.081187e-01, 8.837439e-02, -2.964931e-01, -2.081187e-01, 1.500000e+00, 1.000000e+00, 5.000000e-01, 4.000000e+00, 4.000000e+00, 3.100000e+00
9.510000e-01, -2.079801e-01, 9.166025e-02, -2.996404e-01, -2.079801e-01, 1.500000e+00, 1.000000e+00, 5.000000e-01, 4.000000e+00, 4.000000e+00, 3.100000e+00
9.515000e-01, -2.096662e-01, 9.052028e-02, -3.001865e-01, -2.096662e-01, 1.500000e+00, 1.000000e+00, 5.000000e-01, 4.000000e+00, 4.000000e+00, 3.100000e+00
9.520000e-01, -2.090331e-01, 9.346039e-02, -3.024935e-01, -2.090331e-01, 1.500000e+00, 1.000000e+00, 5.000000e-01, 4.000000e+00, 4.000000e+00, 3.100000e+00
9.525000e-01, -2.069779e-01, 1.016541e-01, -3.086320e-01, -2.069779e-01, 1.500000e+00, 1.000000e+00, 5.000000e-01, 4.000000e+00, 4.000000e+00, 3.100000e+00
9.530000e-01, -2.091282e-01, 1.037600e-01, -3.128881e-01, -2.091282e-01, 1.500000e+00, 1.000000e+00, 5.000000e-01, 4.000000e+00, 4.000000e+00, 3.100000e+00
9.535000e-01, -2.100231e-01, 1.092929e-01, -3.193160e-01, -2.100231e-01, 1.500000e+00, 1.000000e+00, 5.000000e-01, 4.000000e+00, 4.000000e+00, 3.100000e+00
9.540000e-01, -2.085444e-01, 1.121855e-01, -3.207299e-01, -2.085444e-01, 1.500000e+00, 1.000000e+00, 5.000000e-01, 4.000000e+00, 4.000000e+00, 3.100000e+00
9.545000e-01, -2.084023e-01, 1.139651e-01, -3.223674e-01, -2.084023e-01, 1.500000e+00, 1.000000e+00, 5.000000e-01, 4.000000e+00, 4.000000e+00, 3.100000e+00
9.550000e-01, -2.085074e-01, 1.220309e-01, -3.305384e-01, -2.085074e-01, 1.500000e+00, 1.000000e+00, 5.000000e-01, 4.000000e+00, 4.000000e+00, 3.100000e+00
9.555000e-01, -2.085966e-01, 1.222425e-01, -3.308390e-01, -2.085966e-01, 1.500000e+00, 1.000000e+00, 5.000000e-01, 4.000000e+00, 4.000000e+00, 3.100000e+00
9.560000e-01, -2.095560e-01, 1.238429e-01, -3.333989e-01, -2.095560e-01, 1.500000e+00, 1.000000e+00, 5.000000e-01, 4.000000e+00, 4.000000e+00, 3.100000e+00
9.565000e-01, -2.086874e-01, 1.319021e-01, -3.405895e-01, -2.086874e-01, 1.500000e+00, 1.000000e+00, 5.000000e-01, 4.000000e+00, 4.000000e+00, 3.100000e+00
9.570000e-01, -2.085155e-01, 1.354913e-01, -3.440068e-01, -2.085155e-01, 1.500000e+00, 1.000000e+00, 5.000000e-01, 4.000000e+00, 4.000000e+00, 3.100000e+00
9.575000e-01, -2.097843e-01, 1.364909e-01, -3.462752e-01, -2.097843e-01, 1.500000e+00, 1.000000e+00, 5.000000e-01, 4.000000e+00, 4.000000e+00, 3.100000e+00
9.580000e-01, -2.087603e-01, 1.402654e-01, -3.490257e-01, -2.087603e-01, 1.500000e+00, 1.000000e+00, 5.000000e-01, 4.000000e+00, 4.000000e+00, 3.100000e+00
9.585000e-01, -2.087914e-01, 1.419350e-01, -3.507264e-01, -2.087914e-01, 1.500000e+00, 1.000000e+00, 5.000000e-01, 4.000000e+00, 4.000000e+00, 3.100000e+00
9.590000e-01, -2.094414e-01, 1.451880e-01, -3.546294e-01, -2.094414e-01, 1.500000e+00, 1.000000e+00, 5.000000e-01, 4.000000e+00, 4.000000e+00, 3.100000e+00
9.595000e-01, -2.084823e-01, 1.492143e-01, -3.576967e-01, -2.084823e-01, 1.500000e+00, 1.000000e+00, 5.000000e-01, 4.000000e+00, 4.000000e+00, 3.100000e+00
9.600000e-01, -2.090699e-01, 1.501107e-01, -3.591806e-01, -2.090699e-01, 1.500000e+00, 1.000000e+00, 5.000000e-01, 4.000000e+00, 4.000000e+00, 3.100000e+00
9.605000e-01, -2.085453e-01, 1.545736e-01, -3.631190e-01, -2.085453e-01, 1.500000e+00, 1.000000e+00, 5.000000e-01, 4.000000e+00, 4.000000e+00, 3.100000e+00
9.610000e-01, -2.069350e-01, 1.601493e-01, -3.670843e-01, -2.069350e-01, 1.500000e+00, 1.000000e+00, 5.000000e-01, 4.000000e+00, 4.000000e+00, 3.100000e+00
9.615000e-01, -2.087198e-01, 1.575547e-01, -3.662744e-01, -2.087198e-01, 1.500000e+00, 1.000000e+00, 5.000000e-01, 4.000000e+00, 4.000000e+00, 3.100000e+00
9.620000e-01, -2.081644e-01, 1.629403e-01, -3.711047e-01, -2.081644e-01, 1.500000e+00, 1.000000e+00, 5.000000e-01, 4.000000e+00, 4.000000e+00, 3.100000e+00
9.625000e-01, -2.076964e-01, 1.646019e-01, -3.722984e-01, -2.076964e-01, 1.500000e+00, 1.000000e+00, 5.000000e-01, 4.000000e+00, 4.000000e+00, 3.100000e+00
9.630000e-01, -2.081312e-01, 1.676871e-01, -3.758182e-01, -2.081312e-01, 1.500000e+00, 1.000000e+00, 5.000000e-01, 4.000000e+00, 4.000000e+00, 3.100000e+00
9.635000e-01, -2.086558e-01, 1.674620e-01, -3.761178e-01, -2.086558e-01, 1.500000e+00, 1.000000e+00, 5.000000e-01, 4.000000e+00, 4.000000e+00, 3.100000e+00
9.640000e-01, -2.086052e-01, 1.696528e-01, -3.782580e-01, -2.086052e-01, 1.500000e+00, 1.000000e+00, 5.000000e-01, 4.000000e+00, 4.000000e+00, 3.100000e+00
9.645000e-01, -2.084853e-01, 1.749790e-01, -3.834643e-01, -2.084853e-01, 1.500000e+00, 1.000000e+00, 5.000000e-01, 4.000000e+00, 4.000000e+00, 3.100000e+00
9.650000e-01, -2.077673e-01, 1.739411e-01, -3.817084e-01, -2.077673e-01, 1.500000e+00, 1.000000e+00, 5.000000e-01, 4.000000e+00, 4.000000e+00, 3.100000e+00
9.655000e-01, -2.080546e-01, 1.781962e-01, -3.862509e-01, -2.080546e-01, 1.500000e+00, 1.000000e+00, 5.000000e-01, 4.000000e+00, 4.000000e+00, 3.100000e+00
9.660000e-01, -2.071738e-01, 1.821986e-01, -3.893724e-01, -2.071738e-01, 1.500000e+00, 1.000000e+00, 5.000000e-01, 4.000000e+00, 4.000000e+00, 3.100000e+00
9.665000e-01, -2.089157e-01, 1.812438e-01, -3.901595e-01, -2.089157e-01, 1.500000e+00, 1.000000e+00, 5.000000e-01, 4.000000e+00, 4.000000e+00, 3.100000e+00
9.670000e-01, -2.084426e-01, 1.858888e-01, -3.943315e-01, -2.084426e-01, 1.500000e+00, 1.000000e+00, 5.000000e-01, 4.000000e+00, 4.000000e+00, 3.100000e+00
9.675000e-01, -2.088706e-01, 1.860818e-01, -3.949523e-01, -2.088706e-01, 1.500000e+00, 1.000000e+00, 5.000000e-01, 4.000000e+00, 4.000000e+00, 3.100000e+00
9.680000e-01, -2.082635e-01, 1.878540e-01, -3.961175e-01, -2.082635e-01, 1.500000e+00, 1.000000e+00, 5.000000e-01, 4.000000e+00, 4.000000e+00, 3.100000e+00
9.685000e-01, -2.091879e-01, 1.902435e-01, -3.994314e-01, -2.091879e-01, 1.500000e+00, 1.000000e+00, 5.000000e-01, 4.000000e+00, 4.000000e+00, 3.100000e+00
9.690000e-01, -2.089718e-01, 1.909182e-01, -3.998901e-01, -2.089718e-01, 1.500000e+00, 1.000000e+00, 5.000000e-01, 4.000000e+00, 4.000000e+00, 3.100000e+00
9.695000e-01, -2.074547e-01, 1.964149e-01, -4.038696e-01, -2.074547e-01, 1.500000e+00, 1.000000e+00, 5.000000e-01, 4.000000e+00, 4.000000e+00, 3.100000e+00
9.700000e-01, -2.091305e-01, 1.958359e-01, -4.049664e-01, -2.091305e-01, 1.500000e+00, 1.000000e+00, 5.000000e-01, 4.000000e+00, 4.000000e+00, 3.100000e+00
9.705000e-01, -2.094608e-01, 1.939787e-01, -4.034395e-01, -2.094608e-01, 1.500000e+00, 1.000000e+00, 5.000000e-01, 4.000000e+00, 4.000000e+00, 3.100000e+00
9.710000e-01, -2.074263e-01, 2.007727e-01, -4.081990e-01, -2.074263e-01, 1.500000e+00, 1.000000e+00, 5.000000e-01, 4.000000e+00, 4.000000e+00, 3.100000e+00
