9.300000e-01, 1.309783e-02, 4.289003e-03, 4.364408e-03, 4.444415e-03, 1.693184e-03, 4.450282e-03, 1.711360e-03, 5.242999e-03
9.305000e-01, 1.260098e-02, 3.666266e-03, 4.544507e-03, 4.390205e-03, 1.436013e-03, 5.033907e-03, 1.458262e-03, 4.672796e-03
9.310000e-01, 1.311975e-02, 4.193888e-03, 4.666777e-03, 4.259088e-03, 1.439716e-03, 4.985329e-03, 1.572752e-03, 5.121956e-03
9.315000e-01, 1.384866e-02, 4.730707e-03, 4.836065e-03, 4.281888e-03, 1.708684e-03, 4.445225e-03, 1.870614e-03, 5.824136e-03
9.320000e-01, 1.406146e-02, 4.690192e-03, 4.615164e-03, 4.756107e-03, 1.346654e-03, 5.805239e-03, 1.568273e-03, 5.341297e-03
9.325000e-01, 1.329613e-02, 4.771267e-03, 4.359466e-03, 4.165396e-03, 1.647404e-03, 4.843972e-03, 1.569739e-03, 5.235015e-03
9.330000e-01, 1.259613e-02, 4.302636e-03, 4.092059e-03, 4.201439e-03, 1.759242e-03, 4.272808e-03, 1.737239e-03, 4.826845e-03
9.335000e-01, 1.360100e-02, 4.327028e-03, 4.917291e-03, 4.356678e-03, 1.805594e-03, 5.397307e-03, 1.774148e-03, 4.623947e-03
9.340000e-01, 1.276974e-02, 3.706148e-03, 4.732758e-03, 4.330837e-03, 1.751330e-03, 4.767648e-03, 1.578243e-03, 4.672521e-03
9.345000e-01, 1.357894e-02, 4.526903e-03, 4.481846e-03, 4.570186e-03, 1.655232e-03, 4.792662e-03, 1.753369e-03, 5.377672e-03
9.350000e-01, -3.671632e-02, 3.890064e-03, -2.049200e-02, -2.011439e-02, -1.389019e-02, -4.482835e-03, -1.396401e-02, -4.379280e-03
9.355000e-01, -6.032507e-02, -1.973756e-02, -2.016995e-02, -2.041755e-02, -2.178852e-02, -8.731199e-03, -2.198399e-02, -7.821352e-03
9.360000e-01, -1.078818e-01, -6.903867e-02, -1.974701e-02, -1.909611e-02, -3.359166e-02, -1.984209e-02, -3.387575e-02, -2.057230e-02
9.365000e-01, -1.582840e-01, -4.445073e-02, -6.952416e-02, -4.430912e-02, -4.290187e-02, -3.648083e-02, -4.301264e-02, -3.588866e-02
9.370000e-01, -2.070304e-01, -6.849308e-02, -6.941644e-02, -6.912091e-02, -5.819309e-02, -4.536695e-02, -5.823581e-02, -4.523458e-02
9.375000e-01, -1.829047e-01, -6.891003e-02, -6.899101e-02, -4.500366e-02, -5.029901e-02, -4.115538e-02, -5.034946e-02, -4.110084e-02
9.380000e-01, -1.828710e-01, -6.898832e-02, -6.933566e-02, -4.454706e-02, -5.051510e-02, -4.088900e-02, -5.040041e-02, -4.106652e-02
9.385000e-01, -2.067559e-01, -6.837496e-02, -6.911055e-02, -6.927035e-02, -5.832756e-02, -4.504846e-02, -5.831489e-02, -4.506496e-02
9.390000e-01, -2.051146e-01, -6.826766e-02, -6.851201e-02, -6.833496e-02, -5.823009e-02, -4.451007e-02, -5.841791e-02, -4.395656e-02
9.395000e-01, -2.068368e-01, -6.902489e-02, -6.935506e-02, -6.845686e-02, -5.860364e-02, -4.488520e-02, -5.836126e-02, -4.498671e-02
9.400000e-01, -2.058837e-01, -6.889034e-02, -6.837614e-02, -6.861722e-02, -5.820706e-02, -4.476566e-02, -5.839470e-02, -4.451628e-02
9.405000e-01, -2.068126e-01, -6.867212e-02, -6.886459e-02, -6.927590e-02, -5.824484e-02, -4.521508e-02, -5.817797e-02, -4.517472e-02
9.410000e-01, -2.053092e-01, -6.841722e-02, -6.854415e-02, -6.834780e-02, -5.808802e-02, -4.444585e-02, -5.820700e-02, -4.456830e-02
9.415000e-01, -2.064577e-01, -6.919362e-02, -6.859426e-02, -6.866977e-02, -5.840977e-02, -4.485730e-02, -5.829746e-02, -4.489312e-02
9.420000e-01, -2.059646e-01, -6.906059e-02, -6.837035e-02, -6.853361e-02, -5.818145e-02, -4.463018e-02, -5.843939e-02, -4.471354e-02
9.425000e-01, -2.069886e-01, -6.865560e-02, -6.928181e-02, -6.905122e-02, -5.843769e-02, -4.495389e-02, -5.822576e-02, -4.537129e-02
9.430000e-01, -2.070730e-01, -6.868810e-02, -6.938912e-02, -6.899581e-02, -5.840396e-02, -4.510567e-02, -5.864787e-02, -4.491552e-02
9.435000e-01, -2.079863e-01, -6.929041e-02, -6.912530e-02, -6.957059e-02, -5.835163e-02, -4.560149e-02, -5.867191e-02, -4.536126e-02
9.440000e-01, -2.061607e-01, -6.824320e-02, -6.881384e-02, -6.910368e-02, -5.828987e-02, -4.500060e-02, -5.837281e-02, -4.449744e-02
9.445000e-01, -2.071656e-01, -6.907448e-02, -6.927015e-02, -6.882095e-02, -5.861251e-02, -4.469735e-02, -5.829104e-02, -4.556468e-02
9.450000e-01, -2.068960e-01, -6.889124e-02, -6.919406e-02, -6.881072e-02, -5.843009e-02, -4.481452e-02, -5.848242e-02, -4.516898e-02
9.455000e-01, -2.062139e-01, -6.830085e-02, -6.871170e-02, -6.920134e-02, -5.853390e-02, -4.475318e-02, -5.850900e-02, -4.441781e-02
9.460000e-01, -2.057201e-01, -6.858065e-02, -6.914438e-02, -6.799506e-02, -5.808391e-02, -4.473762e-02, -5.835444e-02, -4.454411e-02
9.465000e-01, -2.069204e-01, -6.867604e-02, -6.948735e-02, -6.875697e-02, -5.805440e-02, -4.529333e-02, -5.835976e-02, -4.521286e-02
9.470000e-01, -2.071907e-01, -6.919772e-02, -6.882348e-02, -6.916948e-02, -5.833668e-02, -4.521754e-02, -5.841594e-02, -4.522052e-02
9.475000e-01, -2.059070e-01, -6.876615e-02, -6.853200e-02, -6.860888e-02, -5.815220e-02, -4.489042e-02, -5.827985e-02, -4.458457e-02
9.480000e-01, -2.062023e-01, -6.868886e-02, -6.873604e-02, -6.877738e-02, -5.810903e-02, -4.468846e-02, -5.822085e-02, -4.518395e-02
9.485000e-01, -2.068754e-01, -6.864387e-02, -6.927012e-02, -6.896140e-02, -5.824798e-02, -4.456722e-02, -5.836576e-02, -4.569442e-02
9.490000e-01, -2.065940e-01, -6.902604e-02, -6.852789e-02, -6.904008e-02, -5.822069e-02, -4.448389e-02, -5.847666e-02, -4.541277e-02
9.495000e-01, -2.078687e-01, -6.898570e-02, -6.956620e-02, -6.931678e-02, -5.835668e-02, -4.592236e-02, -5.833417e-02, -4.525547e-02
9.500000e-01, -2.062038e-01, -6.836534e-02, -6.912622e-02, -6.871227e-02, -5.831225e-02, -4.427431e-02, -5.812311e-02, -4.549415e-02
9.505000e-01, -2.067975e-01, -6.871924e-02, -6.915597e-02, -6.892228e-02, -5.851212e-02, -4.554563e-02, -5.834053e-02, -4.439921e-02
9.510000e-01, -2.068695e-01, -6.898428e-02, -6.932178e-02, -6.856349e-02, -5.820484e-02, -4.470356e-02, -5.835700e-02, -4.560415e-02
9.515000e-01, -2.051054e-01, -6.831757e-02, -6.843085e-02, -6.835703e-02, -5.819804e-02, -4.417339e-02, -5.846216e-02, -4.427185e-02
9.520000e-01, -2.058290e-01, -6.860871e-02, -6.845921e-02, -6.876108e-02, -5.818988e-02, -4.553286e-02, -5.809930e-02, -4.400696e-02
9.525000e-01, -2.061148e-01, -6.829491e-02, -6.919783e-02, -6.862209e-02, -5.835035e-02, -4.468323e-02, -5.847922e-02, -4.460204e-02
9.530000e-01, -2.057337e-01, -6.864129e-02, -6.856107e-02, -6.853134e-02, -5.826575e-02, -4.430453e-02, -5.810233e-02, -4.506107e-02
9.535000e-01, -2.058507e-01, -6.828570e-02, -6.875521e-02, -6.880977e-02, -5.834876e-02, -4.392304e-02, -5.825937e-02, -4.531951e-02
9.540000e-01, -2.066373e-01, -6.881884e-02, -6.870103e-02, -6.911739e-02, -5.822672e-02, -4.469901e-02, -5.843557e-02, -4.527595e-02
9.545000e-01, -2.064316e-01, -6.864904e-02, -6.924769e-02, -6.853487e-02, -5.836884e-02, -4.509694e-02, -5.843520e-02, -4.453061e-02
9.550000e-01, -2.062569e-01, -6.904287e-02, -6.824620e-02, -6.896783e-02, -5.861244e-02, -4.458470e-02, -5.820825e-02, -4.485151e-02
9.555000e-01, -2.077333e-01, -6.951595e-02, -6.925389e-02, -6.896349e-02, -5.841081e-02, -4.563973e-02, -5.835711e-02, -4.532568e-02
9.560000e-01, -2.064096e-01, -6.820234e-02, -6.954353e-02, -6.866373e-02, -5.865493e-02, -4.458135e-02, -5.839571e-02, -4.477760e-02
9.565000e-01, -2.065602e-01, -6.878316e-02, -6.896595e-02, -6.881108e-02, -5.818384e-02, -4.480165e-02, -5.796287e-02, -4.561183e-02
9.570000e-01, -2.057886e-01, -6.852297e-02, -6.839199e-02, -6.887361e-02, -5.840895e-02, -4.463792e-02, -5.832385e-02, -4.441786e-02
9.575000e-01, -2.069561e-01, -6.868084e-02, -6.899826e-02, -6.927695e-02, -5.843298e-02, -4.506245e-02, -5.829057e-02, -4.517006e-02
9.580000e-01, -2.055286e-01, -6.853873e-02, -6.839240e-02, -6.859747e-02, -5.815212e-02, -4.447694e-02, -5.826356e-02, -4.463598e-02
9.585000e-01, -2.052339e-01, -6.818876e-02, -6.864051e-02, -6.840467e-02, -5.814846e-02, -4.492667e-02, -5.814717e-02, -4.401164e-02
9.590000e-01, -2.078657e-01, -6.938900e-02, -6.865745e-02, -6.981922e-02, -5.836680e-02, -4.538847e-02, -5.848785e-02, -4.562254e-02
9.595000e-01, -2.069079e-01, -6.878483e-02, -6.936205e-02, -6.876100e-02, -5.843886e-02, -4.473203e-02, -5.828604e-02, -4.545094e-02
9.600000e-01, -2.072281e-01, -6.891063e-02, -6.953397e-02, -6.878352e-02, -5.838051e-02, -4.504815e-02, -5.861000e-02, -4.518947e-02
9.605000e-01, -2.078283e-01, -6.879543e-02, -6.974540e-02, -6.928748e-02, -5.839784e-02, -4.545506e-02, -5.844389e-02, -4.553151e-02
9.610000e-01, -2.061344e-01, -6.819971e-02, -6.892615e-02, -6.900850e-02, -5.836217e-02, -4.451018e-02, -5.809894e-02, -4.516306e-02
9.615000e-01, -2.070249e-01, -6.916309e-02, -6.900851e-02, -6.885333e-02, -5.826195e-02, -4.557826e-02, -5.851971e-02, -4.466501e-02
9.620000e-01, -2.068120e-01, -6.903724e-02, -6.886291e-02, -6.891184e-02, -5.856698e-02, -4.490617e-02, -5.845799e-02, -4.488085e-02
9.625000e-01, -2.063511e-01, -6.887333e-02, -6.856206e-02, -6.891574e-02, -5.837022e-02, -4.510918e-02, -5.817373e-02, -4.469800e-02
9.630000e-01, -2.062776e-01, -6.935520e-02, -6.874853e-02, -6.817382e-02, -5.808877e-02, -4.464307e-02, -5.825875e-02, -4.528696e-02
9.635000e-01, -2.064310e-01, -6.880428e-02, -6.918149e-02, -6.844524e-02, -5.821468e-02, -4.513705e-02, -5.810482e-02, -4.497446e-02
9.640000e-01, -2.082604e-01, -6.953940e-02, -6.943655e-02, -6.928446e-02, -5.834316e-02, -4.548462e-02, -5.844402e-02, -4.598861e-02
9.645000e-01, -2.077418e-01, -6.883085e-02, -6.923073e-02, -6.968021e-02, -5.828646e-02, -4.541968e-02, -5.857567e-02, -4.545998e-02
9.650000e-01, -2.060176e-01, -6.818060e-02, -6.871368e-02, -6.912336e-02, -5.826987e-02, -4.495816e-02, -5.825908e-02, -4.453052e-02
9.655000e-01, -2.058920e-01, -6.914234e-02, -6.816881e-02, -6.858086e-02, -5.833713e-02, -4.495756e-02, -5.799163e-02, -4.460569e-02
9.660000e-01, -2.065067e-01, -6.891007e-02, -6.897262e-02, -6.862401e-02, -5.843878e-02, -4.429371e-02, -5.842015e-02, -4.535406e-02
9.665000e-01, -2.066859e-01, -6.931354e-02, -6.817531e-02, -6.919702e-02, -5.817867e-02, -4.479203e-02, -5.845701e-02, -4.525815e-02
9.670000e-01, -2.070649e-01, -6.867635e-02, -6.908068e-02, -6.930791e-02, -5.826894e-02, -4.522295e-02, -5.846879e-02, -4.510426e-02
9.675000e-01, -2.063783e-01, -6.961050e-02, -6.819276e-02, -6.857504e-02, -5.824326e-02, -4.464334e-02, -5.828431e-02, -4.520739e-02
9.680000e-01, -2.076714e-01, -6.903638e-02, -6.956858e-02, -6.906641e-02, -5.854314e-02, -4.562455e-02, -5.838259e-02, -4.512108e-02
9.685000e-01, -2.067225e-01, -6.923323e-02, -6.830339e-02, -6.918582e-02, -5.824121e-02, -4.506101e-02, -5.847514e-02, -4.494510e-02
9.690000e-01, -2.062219e-01, -6.911049e-02, -6.837554e-02, -6.873587e-02, -5.841633e-02, -4.485694e-02, -5.848106e-02, -4.446757e-02
9.695000e-01, -2.057815e-01, -6.873261e-02, -6.879788e-02, -6.825099e-02, -5.805032e-02, -4.510784e-02, -5.834394e-02, -4.427938e-02
9.700000e-01, -2.074268e-01, -6.939394e-02, -6.910000e-02, -6.893283e-02, -5.853747e-02, -4.545564e-02, -5.831679e-02, -4.511687e-02
9.705000e-01, -2.068883e-01, -6.909875e-02, -6.843089e-02, -6.935867e-02, -5.839290e-02, -4.472715e-02, -5.845595e-02, -4.531231e-02
9.710000e-01, -2.073251e-01, -6.918890e-02, -6.896232e-02, -6.917390e-02, -5.843647e-02, -4.533871e-02, -5.834180e-02, -4.520814e-02
9.715000e-01, -2.069461e-01, -6.943666e-02, -6.876643e-02, -6.874302e-02, -5.820110e-02, -4.512173e-02, -5.855775e-02, -4.506553e-02
9.720000e-01, -2.065509e-01, -6.898234e-02, -6.899517e-02, -6.857344e-02, -5.830915e-02, -4.469305e-02, -5.829031e-02, -4.525845e-02
9.725000e-01, -2.067487e-01, -6.909604e-02, -6.911288e-02, -6.853978e-02, -5.838931e-02, -4.550619e-02, -5.833956e-02, -4.451363e-02
9.730000e-01, -2.068109e-01, -6.927116e-02, -6.868609e-02, -6.885361e-02, -5.839850e-02, -4.508344e-02, -5.836980e-02, -4.495913e-02
9.735000e-01, -2.071043e-01, -6.873208e-02, -6.918098e-02, -6.919127e-02, -5.846688e-02, -4.453546e-02, -5.850286e-02, -4.559913e-02
9.740000e-01, -2.067165e-01, -6.825566e-02, -6.922248e-02, -6.923839e-02, -5.812703e-02, -4.487427e-02, -5.826943e-02, -4.544580e-02
9.745000e-01, -2.071983e-01, -6.906507e-02, -6.931761e-02, -6.881563e-02, -5.845848e-02, -4.557770e-02, -5.854931e-02, -4.461281e-02
9.750000e-01, -2.073357e-01, -6.951361e-02, -6.923178e-02, -6.859032e-02, -5.826511e-02, -4.519939e-02, -5.842576e-02, -4.544544e-02
9.755000e-01, -2.070821e-01, -6.887440e-02, -6.953775e-02, -6.866991e-02, -5.832586e-02, -4.502876e-02, -5.844882e-02, -4.527864e-02
9.760000e-01, -2.058346e-01, -6.859761e-02, -6.886246e-02, -6.837450e-02, -5.821265e-02, -4.475948e-02, -5.824750e-02, -4.461494e-02
9.765000e-01, -2.074317e-01, -6.906073e-02, -6.892607e-02, -6.944489e-02, -5.831619e-02, -4.529799e-02, -5.816504e-02, -4.565247e-02
9.770000e-01, -2.066286e-01, -6.876175e-02, -6.888279e-02, -6.898401e-02, -5.825611e-02, -4.518902e-02, -5.829973e-02, -4.488370e-02
9.775000e-01, -2.073579e-01, -6.925118e-02, -6.913429e-02, -6.897241e-02, -5.845445e-02, -4.498939e-02, -5.831970e-02, -4.559435e-02
9.780000e-01, -2.063515e-01, -6.922970e-02, -6.833229e-02, -6.878952e-02, -5.826908e-02, -4.520657e-02, -5.805170e-02, -4.482416e-02
9.785000e-01, -2.060474e-01, -6.852302e-02, -6.901473e-02, -6.850967e-02, -5.837548e-02, -4.460514e-02, -5.835256e-02, -4.471424e-02
9.790000e-01, -2.308611e-01, -6.898576e-02, -6.891519e-02, -9.296017e-02, -6.257773e-02, -5.313971e-02, -6.282049e-02, -5.232320e-02
9.795000e-01, -2.555959e-01, -6.948728e-02, -9.288831e-02, -9.322030e-02, -6.720834e-02, -6.080460e-02, -6.699718e-02, -6.058577e-02
9.800000e-01, -2.313482e-01, -6.890914e-02, -6.935656e-02, -9.308250e-02, -6.287811e-02, -5.268225e-02, -6.272706e-02, -5.306077e-02
9.805000e-01, -2.796328e-01, -9.349394e-02, -9.266883e-02, -9.347003e-02, -7.178526e-02, -6.790183e-02, -7.163713e-02, -6.830857e-02
9.810000e-01, -2.549184e-01, -6.946903e-02, -9.250740e-02, -9.294195e-02, -6.704126e-02, -6.061620e-02, -6.721430e-02, -6.004662e-02
9.815000e-01, -2.797162e-01, -9.275552e-02, -9.359874e-02, -9.336196e-02, -7.186395e-02, -6.814996e-02, -7.159450e-02, -6.810781e-02
9.820000e-01, -2.554064e-01, -9.313228e-02, -9.334061e-02, -6.893350e-02, -6.713501e-02, -6.000379e-02, -6.709556e-02, -6.117202e-02
9.825000e-01, -2.797670e-01, -9.357955e-02, -9.278205e-02, -9.340535e-02, -7.176431e-02, -6.814341e-02, -7.173268e-02, -6.812655e-02
9.830000e-01, -2.790294e-01, -9.317706e-02, -9.302759e-02, -9.282475e-02, -7.135044e-02, -6.838417e-02, -7.167750e-02, -6.761728e-02
9.835000e-01, -2.792153e-01, -9.297963e-02, -9.328515e-02, -9.295053e-02, -7.175974e-02, -6.741953e-02, -7.140118e-02, -6.863486e-02
9.840000e-01, -2.807005e-01, -9.359033e-02, -9.328390e-02, -9.382631e-02, -7.178642e-02, -6.870618e-02, -7.196579e-02, -6.824215e-02
9.845000e-01, -2.801874e-01, -9.358723e-02, -9.289016e-02, -9.371004e-02, -7.172059e-02, -6.837209e-02, -7.169214e-02, -6.840261e-02
9.850000e-01, -2.796589e-01, -9.287864e-02, -9.323874e-02, -9.354157e-02, -7.174631e-02, -6.825573e-02, -7.174881e-02, -6.790809e-02
9.855000e-01, -2.800055e-01, -9.379238e-02, -9.350452e-02, -9.270862e-02, -7.146671e-02, -6.810784e-02, -7.166077e-02, -6.877021e-02
9.860000e-01, -2.808786e-01, -9.314933e-02, -9.407926e-02, -9.364999e-02, -7.164250e-02, -6.842424e-02, -7.172632e-02, -6.908552e-02
9.865000e-01, -2.809636e-01, -9.382496e-02, -9.380594e-02, -9.333265e-02, -7.171039e-02, -6.912867e-02, -7.179687e-02, -6.832763e-02
9.870000e-01, -2.808606e-01, -9.391278e-02, -9.391850e-02, -9.302931e-02, -7.191558e-02, -6.882157e-02, -7.147016e-02, -6.865328e-02
9.875000e-01, -2.803750e-01, -9.287724e-02, -9.393701e-02, -9.356079e-02, -7.170236e-02, -6.810200e-02, -7.168856e-02, -6.888212e-02
9.880000e-01, -2.805128e-01, -9.365828e-02, -9.359610e-02, -9.325846e-02, -7.179992e-02, -6.757413e-02, -7.197000e-02, -6.916879e-02
9.885000e-01, -2.810529e-01, -9.399149e-02, -9.367156e-02, -9.338987e-02, -7.162578e-02, -6.919063e-02, -7.160996e-02, -6.862655e-02
9.890000e-01, -2.795576e-01, -9.309637e-02, -9.325103e-02, -9.321024e-02, -7.172934e-02, -6.785049e-02, -7.182325e-02, -6.815454e-02
9.895000e-01, -2.789102e-01, -9.316599e-02, -9.296061e-02, -9.278357e-02, -7.169504e-02, -6.805215e-02, -7.165705e-02, -6.750593e-02
9.900000e-01, -2.784122e-01, -9.259054e-02, -9.299206e-02, -9.282956e-02, -7.135865e-02, -6.743592e-02, -7.180639e-02, -6.781119e-02
9.905000e-01, -3.045788e-01, -9.315563e-02, -9.372118e-02, -1.177020e-01, -7.933568e-02, -7.319944e-02, -7.951364e-02, -7.253006e-02
9.910000e-01, -3.054929e-01, -9.339782e-02, -1.182536e-01, -9.384147e-02, -7.952976e-02, -7.354518e-02, -7.916847e-02, -7.324947e-02
9.915000e-01, -2.915123e-01, -9.335651e-02, -1.044938e-01, -9.366205e-02, -7.848215e-02, -7.320548e-02, -7.158698e-02, -6.823771e-02
9.920000e-01, -2.811247e-01, -8.744317e-02, -1.000733e-01, -9.360822e-02, -7.213473e-02, -7.258773e-02, -7.175044e-02, -6.465179e-02
9.925000e-01, -2.522452e-01, -7.774872e-02, -8.861974e-02, -8.587671e-02, -6.956839e-02, -6.031116e-02, -7.160335e-02, -5.076227e-02
9.930000e-01, -2.135234e-01, -6.910665e-02, -7.102216e-02, -7.339460e-02, -6.256634e-02, -4.475176e-02, -6.071048e-02, -4.549484e-02
9.935000e-01, -2.073382e-01, -6.913576e-02, -6.928571e-02, -6.891674e-02, -5.928888e-02, -4.527450e-02, -5.838203e-02, -4.439281e-02
9.940000e-01, -2.172702e-01, -6.879229e-02, -7.600030e-02, -7.247758e-02, -6.024413e-02, -4.778657e-02, -6.499060e-02, -4.424886e-02
9.945000e-01, -2.139084e-01, -7.451951e-02, -7.054561e-02, -6.884332e-02, -6.106406e-02, -4.617636e-02, -6.215560e-02, -4.451241e-02
9.950000e-01, -2.067302e-01, -6.825522e-02, -6.894846e-02, -6.952654e-02, -5.901018e-02, -4.444337e-02, -5.831532e-02, -4.496134e-02
9.955000e-01, -2.066840e-01, -6.877474e-02, -6.924160e-02, -6.866769e-02, -5.823553e-02, -4.584051e-02, -5.819161e-02, -4.441638e-02
9.960000e-01, -2.059526e-01, -6.834893e-02, -6.920991e-02, -6.839374e-02, -5.820820e-02, -4.460525e-02, -5.851515e-02, -4.462399e-02
9.965000e-01, -2.062962e-01, -6.886306e-02, -6.862551e-02, -6.880758e-02, -5.833541e-02, -4.555199e-02, -5.806371e-02, -4.434505e-02
9.970000e-01, -2.064777e-01, -6.886179e-02, -6.893090e-02, -6.868504e-02, -5.836856e-02, -4.519164e-02, -5.815850e-02, -4.475903e-02
9.975000e-01, -2.060397e-01, -6.877323e-02, -6.875584e-02, -6.851060e-02, -5.805049e-02, -4.527857e-02, -5.810925e-02, -4.460135e-02
9.980000e-01, -2.063077e-01, -6.820296e-02, -6.889069e-02, -6.921400e-02, -5.800341e-02, -4.555149e-02, -5.824281e-02, -4.450994e-02
9.985000e-01, -2.061875e-01, -6.846221e-02, -6.917507e-02, -6.855021e-02, -5.823700e-02, -4.496714e-02, -5.822332e-02, -4.476003e-02
9.990000e-01, -2.048684e-01, -6.853963e-02, -6.860862e-02, -6.772014e-02, -5.723781e-02, -4.459365e-02, -5.792336e-02, -4.511357e-02
9.995000e-01, -2.048493e-01, -6.786324e-02, -6.901989e-02, -6.796616e-02, -5.750108e-02, -4.478571e-02, -5.749573e-02, -4.506677e-02
1.000000e+00, -2.068380e-01, -6.887379e-02, -6.892583e-02, -6.903834e-02, -5.793153e-02, -4.560792e-02, -5.754804e-02, -4.575046e-02
1.000500e+00, -2.008863e-01, -6.591514e-02, -6.742910e-02, -6.754209e-02, -5.500486e-02, -4.481826e-02, -5.600483e-02, -4.505838e-02
1.001000e+00, -2.002939e-01, -6.732700e-02, -6.676730e-02, -6.619962e-02, -5.581571e-02, -4.491348e-02, -5.386402e-02, -4.570071e-02
1.001500e+00, -2.010524e-01, -6.793626e-02, -6.582572e-02, -6.729040e-02, -5.754802e-02, -4.519110e-02, -5.318560e-02, -4.512767e-02
1.002000e+00, -2.021785e-01, -6.777723e-02, -6.791324e-02, -6.648800e-02, -5.641248e-02, -4.524807e-02, -5.512309e-02, -4.539483e-02
1.002500e+00, -1.858521e-01, -6.551727e-02, -6.655635e-02, -5.377847e-02, -4.861784e-02, -4.488525e-02, -4.850737e-02, -4.384162e-02
1.003000e+00, -1.821516e-01, -6.417831e-02, -5.287794e-02, -6.509532e-02, -4.685240e-02, -4.453612e-02, -4.715258e-02, -4.361047e-02
1.003500e+00, -1.270278e-01, -4.415917e-02, -4.435420e-02, -3.851445e-02, -3.512702e-02, -2.829777e-02, -3.490815e-02, -2.869489e-02
1.004000e+00, -1.469864e-01, -4.402097e-02, -6.374966e-02, -3.921573e-02, -4.119682e-02, -3.219598e-02, -3.940242e-02, -3.419114e-02
1.004500e+00, -1.172995e-01, -3.978944e-02, -3.907120e-02, -3.843888e-02, -3.504623e-02, -2.372777e-02, -3.505304e-02, -2.347250e-02
1.005000e+00, -1.208793e-01, -3.820807e-02, -3.843453e-02, -4.423674e-02, -3.504208e-02, -2.464404e-02, -3.491465e-02, -2.627857e-02
1.005500e+00, -1.138438e-01, -3.667431e-02, -3.870946e-02, -3.846008e-02, -3.508807e-02, -2.274813e-02, -3.485454e-02, -2.115311e-02
1.006000e+00, -1.322818e-01, -4.374312e-02, -4.423405e-02, -4.430465e-02, -3.468753e-02, -3.117511e-02, -3.499172e-02, -3.142747e-02
1.006500e+00, -1.141157e-01, -4.300610e-02, -3.567382e-02, -3.543581e-02, -3.456462e-02, -2.158370e-02, -3.487076e-02, -2.309665e-02
1.007000e+00, -1.088202e-01, -3.666334e-02, -3.619739e-02, -3.595945e-02, -3.485039e-02, -2.033789e-02, -3.463546e-02, -1.899645e-02
1.007500e+00, -1.058520e-01, -3.478153e-02, -3.577120e-02, -3.529926e-02, -3.466786e-02, -1.876570e-02, -3.469144e-02, -1.772699e-02
1.008000e+00, -1.042176e-01, -3.380541e-02, -3.459524e-02, -3.581698e-02, -3.479198e-02, -1.681342e-02, -3.454632e-02, -1.806591e-02
1.008500e+00, -1.036476e-01, -3.369195e-02, -3.502003e-02, -3.493567e-02, -3.446463e-02, -1.717996e-02, -3.446333e-02, -1.753973e-02
1.009000e+00, -9.783650e-02, -3.234535e-02, -3.111944e-02, -3.437172e-02, -3.313395e-02, -1.609443e-02, -3.407262e-02, -1.453550e-02
1.009500e+00, -9.270331e-02, -2.921034e-02, -3.158758e-02, -3.190539e-02, -3.215449e-02, -1.324524e-02, -3.232788e-02, -1.497570e-02
1.010000e+00, -5.581501e-02, -1.838549e-02, -1.911693e-02, -1.831260e-02, -1.930587e-02, -7.784950e-03, -1.990978e-02, -8.814408e-03
1.010500e+00, -7.626692e-02, -2.809813e-02, -2.932268e-02, -1.884610e-02, -2.686516e-02, -1.193208e-02, -2.663011e-02, -1.083957e-02
1.011000e+00, -3.308551e-02, -3.385064e-03, -1.634349e-02, -1.335696e-02, -1.087712e-02, -5.758733e-03, -1.085002e-02, -5.599637e-03
1.011500e+00, -5.685352e-03, -2.518584e-04, -4.369534e-04, -4.996540e-03, -2.486783e-03, 4.482229e-05, -1.570109e-03, -1.673283e-03
1.012000e+00, 7.277217e-03, 8.789750e-04, 3.656735e-03, 2.741508e-03, 8.981376e-04, 2.913369e-03, 8.692166e-04, 2.596494e-03
1.012500e+00, 8.591223e-03, 4.873071e-03, 2.354975e-03, 1.363178e-03, 8.096479e-04, 3.369224e-03, 1.523351e-03, 2.889001e-03
1.013000e+00, 1.128839e-02, 4.698277e-03, 2.811453e-03, 3.778660e-03, 1.206727e-03, 4.469674e-03, 1.293253e-03, 4.318737e-03
1.013500e+00, 1.267484e-02, 3.678061e-03, 4.553092e-03, 4.443685e-03, 1.656971e-03, 4.537111e-03, 1.847190e-03, 4.633566e-03
1.014000e+00, 1.234978e-02, 3.676601e-03, 4.366670e-03, 4.306506e-03, 1.505213e-03, 4.969271e-03, 1.463351e-03, 4.411941e-03
1.014500e+00, 1.465699e-02, 4.455136e-03, 4.903110e-03, 5.298744e-03, 1.623540e-03, 5.443311e-03, 1.928904e-03, 5.661235e-03
1.015000e+00, 1.391864e-02, 4.580601e-03, 4.903173e-03, 4.434870e-03, 1.874650e-03, 5.010587e-03, 1.501069e-03, 5.532338e-03
1.015500e+00, 1.388628e-02, 4.687263e-03, 4.630737e-03, 4.568284e-03, 1.741904e-03, 5.320987e-03, 1.662407e-03, 5.160986e-03
1.016000e+00, 1.374542e-02, 4.849341e-03, 4.653160e-03, 4.242923e-03, 1.827784e-03, 4.701034e-03, 2.065824e-03, 5.150782e-03
1.016500e+00, 1.419714e-02, 4.558172e-03, 4.692324e-03, 4.946643e-03, 1.804312e-03, 5.628564e-03, 1.638574e-03, 5.125688e-03
1.017000e+00, 1.322393e-02, 4.311550e-03, 4.039095e-03, 4.873281e-03, 1.935075e-03, 4.994460e-03, 1.688375e-03, 4.606015e-03
1.017500e+00, 1.476285e-02, 5.343649e-03, 4.435119e-03, 4.984085e-03, 1.565476e-03, 5.854783e-03, 1.771888e-03, 5.570707e-03
1.018000e+00, 1.423241e-02, 5.368833e-03, 4.395491e-03, 4.468087e-03, 1.743032e-03, 5.167670e-03, 1.728154e-03, 5.593553e-03
1.018500e+00, 1.506347e-02, 4.831252e-03, 4.999485e-03, 5.232729e-03, 1.731444e-03, 5.731314e-03, 1.866782e-03, 5.733926e-03
1.019000e+00, 1.410702e-02, 4.863701e-03, 4.829899e-03, 4.413416e-03, 1.731151e-03, 5.496361e-03, 1.702433e-03, 5.177071e-03
1.019500e+00, 1.413258e-02, 4.776562e-03, 5.111052e-03, 4.244969e-03, 1.757139e-03, 5.224286e-03, 1.657507e-03, 5.493651e-03
1.020000e+00, 1.466695e-02, 4.426841e-03, 5.849855e-03, 4.390251e-03, 1.891669e-03, 5.556694e-03, 1.642282e-03, 5.576303e-03
1.020500e+00, 1.643266e-02, 5.600675e-03, 5.218408e-03, 5.613579e-03, 1.683430e-03, 6.620337e-03, 1.572376e-03, 6.556519e-03
1.021000e+00, 1.687575e-02, 6.344345e-03, 4.912740e-03, 5.618665e-03, 1.857542e-03, 6.763672e-03, 1.986614e-03, 6.267923e-03
1.021500e+00, 1.563911e-02, 4.911164e-03, 5.237975e-03, 5.489974e-03, 1.732842e-03, 6.351377e-03, 1.987558e-03, 5.567336e-03
1.022000e+00, 1.753761e-02, 7.298863e-03, 5.169776e-03, 5.068965e-03, 1.899089e-03, 7.146245e-03, 2.090973e-03, 6.401299e-03
1.022500e+00, 1.882797e-02, 6.097162e-03, 6.288242e-03, 6.442565e-03, 1.913521e-03, 7.536183e-03, 1.742731e-03, 7.635535e-03
1.023000e+00, 1.957342e-02, 7.017649e-03, 6.701224e-03, 5.854550e-03, 1.861923e-03, 7.097246e-03, 2.077152e-03, 8.537103e-03
1.023500e+00, 1.860371e-02, 5.966064e-03, 6.131356e-03, 6.506291e-03, 2.237210e-03, 7.583666e-03, 1.705718e-03, 7.077118e-03
1.024000e+00, 2.112831e-02, 6.808851e-03, 7.777387e-03, 6.542074e-03, 2.035986e-03, 8.169874e-03, 1.898895e-03, 9.023557e-03
1.024500e+00, 2.080218e-02, 6.768245e-03, 6.789588e-03, 7.244347e-03, 2.004989e-03, 8.878940e-03, 1.940066e-03, 7.978185e-03
1.025000e+00, 2.304281e-02, 7.952429e-03, 6.941546e-03, 8.148834e-03, 2.132240e-03, 9.396296e-03, 2.431663e-03, 9.082610e-03
1.025500e+00, 2.226860e-02, 7.627271e-03, 6.543911e-03, 8.097417e-03, 2.172337e-03, 8.932669e-03, 2.273841e-03, 8.889752e-03
1.026000e+00, 2.438560e-02, 7.707720e-03, 8.669751e-03, 8.008131e-03, 2.271884e-03, 9.707979e-03, 2.153441e-03, 1.025230e-02
1.026500e+00, 2.577152e-02, 8.774002e-03, 9.739762e-03, 7.257753e-03, 2.328220e-03, 1.077270e-02, 2.227864e-03, 1.044274e-02
1.027000e+00, 2.466111e-02, 7.361006e-03, 8.323780e-03, 8.976322e-03, 2.328044e-03, 1.069921e-02, 1.972205e-03, 9.661649e-03
1.027500e+00, 2.543123e-02, 8.414530e-03, 8.306568e-03, 8.710129e-03, 2.261254e-03, 1.082444e-02, 2.326649e-03, 1.001888e-02
1.028000e+00, 2.707095e-02, 1.010855e-02, 7.833196e-03, 9.129207e-03, 2.405218e-03, 1.073259e-02, 2.205123e-03, 1.172802e-02
1.028500e+00, 2.860401e-02, 9.694805e-03, 9.451105e-03, 9.458103e-03, 2.433267e-03, 1.221408e-02, 2.637621e-03, 1.131904e-02
1.029000e+00, 2.806328e-02, 8.780051e-03, 9.901608e-03, 9.381623e-03, 2.604489e-03, 1.153688e-02, 2.623461e-03, 1.129845e-02
1.029500e+00, 2.821007e-02, 9.634372e-03, 8.994738e-03, 9.580956e-03, 2.714457e-03, 1.182432e-02, 2.892434e-03, 1.077885e-02
1.030000e+00, 3.150787e-02, 1.111333e-02, 1.094091e-02, 9.453636e-03, 3.066813e-03, 1.297808e-02, 3.054875e-03, 1.240811e-02
1.030500e+00, 3.113802e-02, 9.884887e-03, 1.138916e-02, 9.863970e-03, 3.249964e-03, 1.200902e-02, 2.985802e-03, 1.289323e-02
1.031000e+00, 3.304104e-02, 1.126827e-02, 1.085730e-02, 1.091546e-02, 3.483387e-03, 1.389627e-02, 3.698162e-03, 1.196321e-02
1.031500e+00, 3.204371e-02, 1.109253e-02, 9.561503e-03, 1.138967e-02, 3.167800e-03, 1.196881e-02, 3.861226e-03, 1.304587e-02
1.032000e+00, 3.287305e-02, 1.136954e-02, 1.130328e-02, 1.020022e-02, 3.448939e-03, 1.377387e-02, 3.245634e-03, 1.240460e-02
1.032500e+00, 3.168640e-02, 1.079648e-02, 1.049619e-02, 1.039372e-02, 2.778933e-03, 1.242220e-02, 3.331927e-03, 1.315335e-02
1.033000e+00, 2.152259e-02, 1.056374e-02, 1.244795e-02, -1.489103e-03, 8.568841e-04, 1.049861e-02, 2.464151e-04, 9.920680e-03
1.033500e+00, 2.074828e-02, 5.648006e-04, 1.096788e-02, 9.215599e-03, 7.298575e-04, 9.162124e-03, -1.159059e-04, 1.097221e-02
1.034000e+00, 1.940440e-02, 9.787346e-03, 1.006810e-02, -4.510451e-04, 1.592053e-04, 1.008694e-02, -3.044982e-04, 9.462750e-03
1.034500e+00, 2.856881e-02, 6.687338e-03, 1.111626e-02, 1.076521e-02, 2.693218e-03, 1.263546e-02, 2.592235e-03, 1.064790e-02
1.035000e+00, 1.697362e-02, 4.774278e-03, 7.189330e-03, 5.010012e-03, 1.497901e-03, 7.454652e-03, 1.820707e-03, 6.200359e-03
9.300000e-01, 1.326139e-02, 4.369369e-03, 4.537229e-03, 4.354796e-03, 1.578070e-03, 4.971894e-03, 1.630694e-03, 5.080736e-03
9.305000e-01, 1.265248e-02, 4.057287e-03, 3.974023e-03, 4.621173e-03, 1.727049e-03, 4.660972e-03, 1.633905e-03, 4.630557e-03
9.310000e-01, 1.249886e-02, 4.518606e-03, 4.035690e-03, 3.944566e-03, 1.825614e-03, 4.901167e-03, 1.488756e-03, 4.283326e-03
9.315000e-01, 1.302206e-02, 4.309854e-03, 4.241714e-03, 4.470493e-03, 1.431695e-03, 4.991673e-03, 1.655788e-03, 4.942906e-03
9.320000e-01, 1.274005e-02, 4.550297e-03, 4.238127e-03, 3.951622e-03, 1.667727e-03, 4.294370e-03, 1.534684e-03, 5.243266e-03
9.325000e-01, 1.415335e-02, 4.597925e-03, 4.910178e-03, 4.645247e-03, 1.731259e-03, 4.895031e-03, 1.839428e-03, 5.687633e-03
9.330000e-01, 1.360520e-02, 4.264226e-03, 4.771876e-03, 4.569098e-03, 1.685911e-03, 5.322764e-03, 1.732621e-03, 4.863904e-03
9.335000e-01, 1.376877e-02, 4.919399e-03, 4.818912e-03, 4.030458e-03, 1.779327e-03, 5.561710e-03, 1.656195e-03, 4.771537e-03
9.340000e-01, 1.382781e-02, 4.297472e-03, 4.750783e-03, 4.779550e-03, 1.450127e-03, 5.677212e-03, 1.362609e-03, 5.337858e-03
9.345000e-01, 1.430227e-02, 4.963326e-03, 4.891292e-03, 4.447652e-03, 1.615554e-03, 5.795616e-03, 1.678760e-03, 5.212340e-03
9.350000e-01, 1.288879e-02, 5.088474e-03, 3.663696e-03, 4.136622e-03, 1.727431e-03, 4.734126e-03, 1.718642e-03, 4.708593e-03
9.355000e-01, 1.375400e-02, 4.497939e-03, 4.887616e-03, 4.368446e-03, 1.581187e-03, 5.032938e-03, 1.668168e-03, 5.471708e-03
9.360000e-01, 1.241980e-02, 4.203243e-03, 3.722012e-03, 4.494549e-03, 1.342212e-03, 4.221336e-03, 1.574201e-03, 5.282056e-03
9.365000e-01, 1.371534e-02, 4.538167e-03, 4.898047e-03, 4.279124e-03, 1.377285e-03, 4.989156e-03, 1.450556e-03, 5.898341e-03
9.370000e-01, 1.256312e-02, 4.482231e-03, 3.798618e-03, 4.282271e-03, 1.793596e-03, 4.177426e-03, 1.782243e-03, 4.809856e-03
9.375000e-01, 1.487488e-02, 4.398322e-03, 5.393120e-03, 5.083439e-03, 1.885915e-03, 5.756896e-03, 1.718788e-03, 5.513281e-03
9.380000e-01, 1.390906e-02, 4.382117e-03, 4.834408e-03, 4.692534e-03, 1.846917e-03, 5.080387e-03, 1.473874e-03, 5.507881e-03
9.385000e-01, 1.290402e-02, 4.284539e-03, 4.023888e-03, 4.595591e-03, 1.698320e-03, 4.773310e-03, 1.503376e-03, 4.929011e-03
9.390000e-01, 1.382551e-02, 4.741480e-03, 4.313347e-03, 4.770682e-03, 1.779485e-03, 5.245824e-03, 1.747909e-03, 5.052292e-03
9.395000e-01, 1.392182e-02, 4.244013e-03, 4.833877e-03, 4.843926e-03, 1.606274e-03, 5.209910e-03, 1.695246e-03, 5.410385e-03
9.400000e-01, 1.427490e-02, 4.989402e-03, 4.743338e-03, 4.542163e-03, 1.788199e-03, 5.248362e-03, 1.850594e-03, 5.387747e-03
9.405000e-01, 1.286163e-02, 4.546778e-03, 3.932818e-03, 4.382035e-03, 1.629015e-03, 5.551236e-03, 1.589659e-03, 4.091721e-03
9.410000e-01, -1.179488e-02, -2.090159e-02, 4.810244e-03, 4.296468e-03, -6.013101e-03, -2.537310e-04, -6.139204e-03, 6.111546e-04
9.415000e-01, -3.563268e-02, 4.945446e-03, -2.094808e-02, -1.963005e-02, -1.399558e-02, -3.827865e-03, -1.403197e-02, -3.777267e-03
9.420000e-01, -8.521972e-02, -4.474647e-02, 5.042739e-03, -4.551599e-02, -2.312782e-02, -1.936613e-02, -2.308471e-02, -1.964107e-02
9.425000e-01, -1.105379e-01, -6.980878e-02, -2.083291e-02, -1.989625e-02, -3.387021e-02, -2.173705e-02, -3.381604e-02, -2.111464e-02
9.430000e-01, -1.345205e-01, -4.509125e-02, -2.012319e-02, -6.930611e-02, -3.854159e-02, -2.864662e-02, -3.837268e-02, -2.895966e-02
9.435000e-01, -1.346959e-01, -4.420427e-02, -4.505132e-02, -4.544035e-02, -3.539405e-02, -3.212884e-02, -3.538328e-02, -3.178977e-02
9.440000e-01, -2.086830e-01, -6.970682e-02, -6.983312e-02, -6.914305e-02, -5.854849e-02, -4.530585e-02, -5.867066e-02, -4.615799e-02
9.445000e-01, -2.090585e-01, -6.977146e-02, -6.987218e-02, -6.941491e-02, -5.879327e-02, -4.616644e-02, -5.870839e-02, -4.539044e-02
9.450000e-01, -2.092257e-01, -7.036207e-02, -6.909371e-02, -6.976995e-02, -5.861390e-02, -4.582049e-02, -5.866777e-02, -4.612357e-02
9.455000e-01, -2.088719e-01, -6.899924e-02, -7.018380e-02, -6.968884e-02, -5.868861e-02, -4.567502e-02, -5.866570e-02, -4.584255e-02
9.460000e-01, -2.086556e-01, -6.982544e-02, -6.961841e-02, -6.921179e-02, -5.882718e-02, -4.547753e-02, -5.854309e-02, -4.580783e-02
9.465000e-01, -2.082832e-01, -6.979273e-02, -6.957442e-02, -6.891603e-02, -5.875464e-02, -4.573333e-02, -5.877277e-02, -4.502244e-02
9.470000e-01, -2.085070e-01, -6.978967e-02, -6.928528e-02, -6.943206e-02, -5.864000e-02, -4.583260e-02, -5.841118e-02, -4.562324e-02
9.475000e-01, -2.090734e-01, -6.957718e-02, -6.959512e-02, -6.990107e-02, -5.853442e-02, -4.595918e-02, -5.868417e-02, -4.589560e-02
9.480000e-01, -2.092551e-01, -6.990570e-02, -6.974374e-02, -6.960563e-02, -5.858776e-02, -4.554277e-02, -5.842271e-02, -4.670183e-02
9.485000e-01, -2.076765e-01, -6.901739e-02, -6.959540e-02, -6.906371e-02, -5.837545e-02, -4.541644e-02, -5.878002e-02, -4.510460e-02
9.490000e-01, -2.088624e-01, -6.906396e-02, -6.990357e-02, -6.989489e-02, -5.856902e-02, -4.563249e-02, -5.874594e-02, -4.591497e-02
9.495000e-01, -2.088300e-01, -6.916899e-02, -6.997911e-02, -6.968191e-02, -5.887033e-02, -4.609892e-02, -5.889956e-02, -4.496120e-02
9.500000e-01, -2.092791e-01, -6.949135e-02, -7.005177e-02, -6.973598e-02, -5.871522e-02, -4.614828e-02, -5.876672e-02, -4.564888e-02
9.505000e-01, -2.081093e-01, -6.944203e-02, -6.963275e-02, -6.903455e-02, -5.837569e-02, -4.522964e-02, -5.856115e-02, -4.594285e-02
9.510000e-01, -2.091419e-01, -6.970245e-02, -6.978836e-02, -6.965109e-02, -5.883546e-02, -4.663362e-02, -5.880970e-02, -4.486312e-02
9.515000e-01, -2.085915e-01, -6.974296e-02, -6.942005e-02, -6.942846e-02, -5.890128e-02, -4.561076e-02, -5.853554e-02, -4.554388e-02
9.520000e-01, -2.088692e-01, -6.943411e-02, -7.018618e-02, -6.924894e-02, -5.879829e-02, -4.548582e-02, -5.886801e-02, -4.571712e-02
9.525000e-01, -2.091945e-01, -7.009328e-02, -6.961662e-02, -6.948456e-02, -5.869262e-02, -4.563143e-02, -5.890733e-02, -4.596309e-02
9.530000e-01, -2.084142e-01, -7.010183e-02, -6.952148e-02, -6.879084e-02, -5.861711e-02, -4.565641e-02, -5.843817e-02, -4.570248e-02
9.535000e-01, -2.086150e-01, -6.945170e-02, -6.953866e-02, -6.962464e-02, -5.875996e-02, -4.565010e-02, -5.851001e-02, -4.569493e-02
9.540000e-01, -2.089626e-01, -6.970870e-02, -6.930905e-02, -6.994482e-02, -5.860783e-02, -4.586360e-02, -5.836338e-02, -4.612775e-02
9.545000e-01, -2.081095e-01, -6.951094e-02, -6.940703e-02, -6.919155e-02, -5.857579e-02, -4.490491e-02, -5.888044e-02, -4.574838e-02
9.550000e-01, -2.090594e-01, -6.971372e-02, -6.948833e-02, -6.985734e-02, -5.872489e-02, -4.567245e-02, -5.854421e-02, -4.611783e-02
9.555000e-01, -2.073262e-01, -6.876250e-02, -6.940793e-02, -6.915575e-02, -5.850541e-02, -4.557175e-02, -5.848824e-02, -4.476078e-02
9.560000e-01, -2.087811e-01, -6.965433e-02, -6.944444e-02, -6.968234e-02, -5.877684e-02, -4.525291e-02, -5.843624e-02, -4.631513e-02
9.565000e-01, -2.076926e-01, -6.965011e-02, -6.880187e-02, -6.924065e-02, -5.863936e-02, -4.490124e-02, -5.870444e-02, -4.544758e-02
9.570000e-01, -2.095026e-01, -7.013901e-02, -6.932208e-02, -7.004155e-02, -5.865891e-02, -4.567740e-02, -5.872547e-02, -4.644085e-02
9.575000e-01, -2.090619e-01, -6.931274e-02, -7.024965e-02, -6.949946e-02, -5.877862e-02, -4.615372e-02, -5.837563e-02, -4.575389e-02
9.580000e-01, -2.086137e-01, -6.995864e-02, -6.908242e-02, -6.957264e-02, -5.866078e-02, -4.553526e-02, -5.858522e-02, -4.583244e-02
9.585000e-01, -2.094926e-01, -6.949351e-02, -7.003913e-02, -6.995994e-02, -5.846472e-02, -4.593426e-02, -5.875177e-02, -4.634183e-02
9.590000e-01, -2.075876e-01, -6.960798e-02, -6.899724e-02, -6.898238e-02, -5.863982e-02, -4.560653e-02, -5.877054e-02, -4.457070e-02
9.595000e-01, -2.085494e-01, -6.922356e-02, -6.962717e-02, -6.969866e-02, -5.868178e-02, -4.616998e-02, -5.841980e-02, -4.527783e-02
9.600000e-01, -2.095324e-01, -6.956331e-02, -7.011442e-02, -6.985470e-02, -5.839887e-02, -4.571396e-02, -5.868527e-02, -4.673432e-02
9.605000e-01, -2.090467e-01, -6.975960e-02, -6.947130e-02, -6.981581e-02, -5.892035e-02, -4.583531e-02, -5.855043e-02, -4.574063e-02
9.610000e-01, -2.094429e-01, -7.015631e-02, -6.998169e-02, -6.930486e-02, -5.861355e-02, -4.622875e-02, -5.873201e-02, -4.586854e-02
9.615000e-01, -2.089404e-01, -7.001974e-02, -6.975817e-02, -6.916250e-02, -5.866435e-02, -4.561607e-02, -5.875697e-02, -4.590302e-02
9.620000e-01, -2.081368e-01, -6.930239e-02, -6.924382e-02, -6.959062e-02, -5.847460e-02, -4.598954e-02, -5.852757e-02, -4.514513e-02
9.625000e-01, -2.089149e-01, -7.014074e-02, -6.949234e-02, -6.928178e-02, -5.867786e-02, -4.568422e-02, -5.852796e-02, -4.602481e-02
9.630000e-01, -2.083722e-01, -6.932801e-02, -6.962308e-02, -6.942116e-02, -5.863447e-02, -4.569069e-02, -5.850785e-02, -4.553924e-02
9.635000e-01, -2.081848e-01, -6.969529e-02, -6.973865e-02, -6.875081e-02, -5.868195e-02, -4.475497e-02, -5.869392e-02, -4.605391e-02
9.640000e-01, -2.087551e-01, -6.940136e-02, -6.936140e-02, -6.999237e-02, -5.867337e-02, -4.598640e-02, -5.875844e-02, -4.533692e-02
9.645000e-01, -2.095476e-01, -6.957205e-02, -6.993406e-02, -7.004152e-02, -5.900184e-02, -4.637743e-02, -5.876490e-02, -4.540348e-02
9.650000e-01, -2.084723e-01, -6.959811e-02, -6.926481e-02, -6.960942e-02, -5.868580e-02, -4.527051e-02, -5.847714e-02, -4.603889e-02
9.655000e-01, -2.088033e-01, -6.937348e-02, -7.000477e-02, -6.942506e-02, -5.857709e-02, -4.570561e-02, -5.874785e-02, -4.577276e-02
9.660000e-01, -2.081597e-01, -6.973029e-02, -6.898939e-02, -6.944005e-02, -5.850046e-02, -4.547759e-02, -5.875982e-02, -4.542185e-02
9.665000e-01, -2.087068e-01, -6.901042e-02, -7.001836e-02, -6.967798e-02, -5.861412e-02, -4.601303e-02, -5.878288e-02, -4.529673e-02
9.670000e-01, -2.085203e-01, -6.950036e-02, -6.975457e-02, -6.926542e-02, -5.850851e-02, -4.508702e-02, -5.879213e-02, -4.613269e-02
9.675000e-01, -2.081101e-01, -6.914975e-02, -6.981353e-02, -6.914684e-02, -5.874150e-02, -4.565953e-02, -5.879654e-02, -4.491256e-02
9.680000e-01, -2.089400e-01, -6.900015e-02, -6.978561e-02, -7.015421e-02, -5.865658e-02, -4.595500e-02, -5.870559e-02, -4.562280e-02
9.685000e-01, -2.086930e-01, -6.921372e-02, -6.974134e-02, -6.973798e-02, -5.849486e-02, -4.563808e-02, -5.850135e-02, -4.605876e-02
9.690000e-01, -2.086364e-01, -6.888842e-02, -7.007962e-02, -6.966837e-02, -5.853498e-02, -4.568397e-02, -5.862415e-02, -4.579331e-02
9.695000e-01, -2.079780e-01, -6.947921e-02, -6.947369e-02, -6.902514e-02, -5.854918e-02, -4.510462e-02, -5.876571e-02, -4.555853e-02
9.700000e-01, -2.083312e-01, -6.946767e-02, -6.931084e-02, -6.955268e-02, -5.864163e-02, -4.551268e-02, -5.854244e-02, -4.563444e-02
9.705000e-01, -2.099603e-01, -7.046259e-02, -6.986402e-02, -6.963366e-02, -5.866098e-02, -4.662426e-02, -5.862620e-02, -4.604883e-02
9.710000e-01, -2.086135e-01, -6.978188e-02, -6.930044e-02, -6.953117e-02, -5.861195e-02, -4.622689e-02, -5.851777e-02, -4.525688e-02
9.715000e-01, -2.095203e-01, -7.032457e-02, -7.006512e-02, -6.913065e-02, -5.868784e-02, -4.606735e-02, -5.869741e-02, -4.606774e-02
9.720000e-01, -2.082693e-01, -6.971981e-02, -6.910165e-02, -6.944787e-02, -5.881027e-02, -4.458545e-02, -5.865358e-02, -4.622003e-02
9.725000e-01, -2.091584e-01, -6.950162e-02, -6.969064e-02, -6.996610e-02, -5.854887e-02, -4.557055e-02, -5.851284e-02, -4.652609e-02
9.730000e-01, -2.101618e-01, -6.996829e-02, -6.990394e-02, -7.028960e-02, -5.865588e-02, -4.610197e-02, -5.880271e-02, -4.660127e-02
9.735000e-01, -2.095164e-01, -6.979299e-02, -6.982937e-02, -6.989406e-02, -5.875601e-02, -4.615914e-02, -5.861198e-02, -4.598930e-02
9.740000e-01, -2.087065e-01, -6.966967e-02, -6.966706e-02, -6.936973e-02, -5.853061e-02, -4.584759e-02, -5.859357e-02, -4.573470e-02
9.745000e-01, -2.077687e-01, -6.926801e-02, -6.904877e-02, -6.945191e-02, -5.850616e-02, -4.504704e-02, -5.850755e-02, -4.570795e-02
9.750000e-01, -2.082649e-01, -6.968297e-02, -6.943723e-02, -6.914472e-02, -5.875299e-02, -4.561934e-02, -5.860571e-02, -4.528687e-02
9.755000e-01, -2.081806e-01, -6.940909e-02, -6.917063e-02, -6.960087e-02, -5.849428e-02, -4.599440e-02, -5.858286e-02, -4.510906e-02
9.760000e-01, -2.086948e-01, -7.027481e-02, -6.880521e-02, -6.961473e-02, -5.850311e-02, -4.577034e-02, -5.854011e-02, -4.588120e-02
9.765000e-01, -2.087648e-01, -6.945264e-02, -6.961767e-02, -6.969451e-02, -5.879248e-02, -4.513503e-02, -5.866109e-02, -4.617621e-02
9.770000e-01, -2.092603e-01, -6.964805e-02, -6.942316e-02, -7.018908e-02, -5.872066e-02, -4.591934e-02, -5.871801e-02, -4.590227e-02
9.775000e-01, -2.071887e-01, -6.909459e-02, -6.926871e-02, -6.882541e-02, -5.869605e-02, -4.489063e-02, -5.858632e-02, -4.501572e-02
9.780000e-01, -2.100363e-01, -6.994937e-02, -6.994149e-02, -7.014539e-02, -5.864211e-02, -4.617635e-02, -5.860105e-02, -4.661675e-02
9.785000e-01, -2.088039e-01, -6.924775e-02, -7.025900e-02, -6.929716e-02, -5.855392e-02, -4.583685e-02, -5.882043e-02, -4.559270e-02
9.790000e-01, -2.083277e-01, -6.969908e-02, -6.951564e-02, -6.911299e-02, -5.875015e-02, -4.553374e-02, -5.865931e-02, -4.538452e-02
9.795000e-01, -2.083405e-01, -6.941956e-02, -6.901280e-02, -6.990815e-02, -5.828361e-02, -4.580022e-02, -5.858464e-02, -4.567204e-02
9.800000e-01, -2.083871e-01, -6.980790e-02, -6.910737e-02, -6.947183e-02, -5.875892e-02, -4.581803e-02, -5.863946e-02, -4.517069e-02
9.805000e-01, -2.088192e-01, -6.960464e-02, -6.976571e-02, -6.944884e-02, -5.872491e-02, -4.529765e-02, -5.902690e-02, -4.576973e-02
9.810000e-01, -2.086726e-01, -6.932509e-02, -6.973655e-02, -6.961100e-02, -5.841753e-02, -4.528478e-02, -5.871009e-02, -4.626025e-02
9.815000e-01, -2.093406e-01, -7.018050e-02, -7.002151e-02, -6.913862e-02, -5.856201e-02, -4.599930e-02, -5.864723e-02, -4.613209e-02
9.820000e-01, -2.087814e-01, -6.951677e-02, -6.960875e-02, -6.965583e-02, -5.862652e-02, -4.526001e-02, -5.890243e-02, -4.599240e-02
9.825000e-01, -2.089967e-01, -6.988625e-02, -6.964735e-02, -6.946310e-02, -5.878891e-02, -4.553878e-02, -5.877369e-02, -4.589532e-02
9.830000e-01, -2.095295e-01, -6.990304e-02, -7.015544e-02, -6.947100e-02, -5.870795e-02, -4.566326e-02, -5.863834e-02, -4.651994e-02
9.835000e-01, -2.085479e-01, -6.960559e-02, -6.994539e-02, -6.899691e-02, -5.832460e-02, -4.534903e-02, -5.876626e-02, -4.610800e-02
9.840000e-01, -2.087373e-01, -6.925015e-02, -6.955958e-02, -6.992762e-02, -5.868289e-02, -4.596146e-02, -5.849047e-02, -4.560253e-02
9.845000e-01, -2.564578e-01, -9.363771e-02, -6.885181e-02, -9.396830e-02, -6.766024e-02, -6.040922e-02, -6.789986e-02, -6.048850e-02
9.850000e-01, -2.569760e-01, -9.352706e-02, -9.367799e-02, -6.977095e-02, -6.765606e-02, -6.064524e-02, -6.774661e-02, -6.092809e-02
9.855000e-01, -2.341100e-01, -6.987819e-02, -7.000580e-02, -9.422605e-02, -6.325155e-02, -5.395644e-02, -6.324813e-02, -5.365392e-02
9.860000e-01, -2.339688e-01, -9.432871e-02, -6.992195e-02, -6.971813e-02, -6.325519e-02, -5.375008e-02, -6.332894e-02, -5.363457e-02
9.865000e-01, -2.576488e-01, -9.382894e-02, -9.399220e-02, -6.982770e-02, -6.790176e-02, -6.076092e-02, -6.774396e-02, -6.124220e-02
9.870000e-01, -2.579057e-01, -9.406143e-02, -9.427203e-02, -6.957222e-02, -6.757491e-02, -6.200678e-02, -6.797798e-02, -6.034601e-02
9.875000e-01, -2.826120e-01, -9.458966e-02, -9.434141e-02, -9.368091e-02, -7.242661e-02, -6.900886e-02, -7.252801e-02, -6.864850e-02
9.880000e-01, -2.824856e-01, -9.380158e-02, -9.476646e-02, -9.391759e-02, -7.243767e-02, -6.902423e-02, -7.220010e-02, -6.882363e-02
9.885000e-01, -2.831457e-01, -9.442733e-02, -9.484488e-02, -9.387351e-02, -7.256024e-02, -6.877442e-02, -7.213150e-02, -6.967956e-02
9.890000e-01, -2.829283e-01, -9.430603e-02, -9.386564e-02, -9.475660e-02, -7.247409e-02, -6.866363e-02, -7.239087e-02, -6.939968e-02
9.895000e-01, -2.826046e-01, -9.453262e-02, -9.388357e-02, -9.418843e-02, -7.214422e-02, -6.912468e-02, -7.250490e-02, -6.883082e-02
9.900000e-01, -2.823267e-01, -9.369427e-02, -9.446805e-02, -9.416438e-02, -7.247577e-02, -6.858186e-02, -7.210425e-02, -6.916481e-02
9.905000e-01, -2.822612e-01, -9.401251e-02, -9.456258e-02, -9.368615e-02, -7.224284e-02, -6.872842e-02, -7.254564e-02, -6.874434e-02
9.910000e-01, -2.823362e-01, -9.400209e-02, -9.396223e-02, -9.437186e-02, -7.208326e-02, -6.906180e-02, -7.229471e-02, -6.889641e-02
9.915000e-01, -2.818661e-01, -9.399819e-02, -9.403427e-02, -9.383366e-02, -7.215459e-02, -6.895828e-02, -7.220129e-02, -6.855197e-02
9.920000e-01, -2.793155e-01, -9.174612e-02, -9.376139e-02, -9.380801e-02, -7.208086e-02, -6.576084e-02, -7.239406e-02, -6.907976e-02
9.925000e-01, -2.822876e-01, -9.424865e-02, -9.332793e-02, -9.471104e-02, -7.225767e-02, -6.894166e-02, -7.216920e-02, -6.891909e-02
9.930000e-01, -2.577421e-01, -9.293488e-02, -7.624403e-02, -8.856314e-02, -7.074783e-02, -5.906218e-02, -7.138979e-02, -5.654226e-02
9.935000e-01, -2.199974e-01, -6.942219e-02, -8.087601e-02, -6.969919e-02, -6.333811e-02, -4.557564e-02, -6.014560e-02, -5.093804e-02
9.940000e-01, -2.074681e-01, -6.890846e-02, -6.846990e-02, -7.008977e-02, -5.913200e-02, -4.498296e-02, -5.846726e-02, -4.488592e-02
9.945000e-01, -2.025447e-01, -6.725047e-02, -6.037516e-02, -7.491904e-02, -5.463360e-02, -4.661285e-02, -5.523788e-02, -4.606033e-02
9.950000e-01, -1.958240e-01, -5.783058e-02, -6.913051e-02, -6.886295e-02, -5.400163e-02, -4.470372e-02, -5.203713e-02, -4.508156e-02
9.955000e-01, -2.069093e-01, -6.963200e-02, -6.789858e-02, -6.937871e-02, -5.720715e-02, -4.532879e-02, -5.849547e-02, -4.587788e-02
9.960000e-01, -2.079773e-01, -6.906515e-02, -6.937738e-02, -6.953474e-02, -5.824881e-02, -4.564769e-02, -5.819976e-02, -4.588102e-02
9.965000e-01, -2.083087e-01, -6.912289e-02, -6.952520e-02, -6.966066e-02, -5.817417e-02, -4.550442e-02, -5.855546e-02, -4.607469e-02
9.970000e-01, -2.082339e-01, -6.920234e-02, -6.979729e-02, -6.923424e-02, -5.875809e-02, -4.503361e-02, -5.860257e-02, -4.583961e-02
9.975000e-01, -2.074732e-01, -6.924330e-02, -6.925354e-02, -6.897638e-02, -5.841373e-02, -4.488078e-02, -5.867580e-02, -4.550291e-02
9.980000e-01, -2.072826e-01, -6.930105e-02, -6.896578e-02, -6.901574e-02, -5.826616e-02, -4.527965e-02, -5.837344e-02, -4.536331e-02
9.985000e-01, -2.077796e-01, -6.938913e-02, -6.918265e-02, -6.920784e-02, -5.867703e-02, -4.546244e-02, -5.852117e-02, -4.511899e-02
9.990000e-01, -2.070669e-01, -6.916124e-02, -6.858940e-02, -6.931624e-02, -5.819392e-02, -4.522013e-02, -5.836255e-02, -4.529028e-02
9.995000e-01, -2.070941e-01, -6.885498e-02, -6.955641e-02, -6.868271e-02, -5.817973e-02, -4.508218e-02, -5.857371e-02, -4.525848e-02
1.000000e+00, -2.073536e-01, -6.942225e-02, -6.893513e-02, -6.899622e-02, -5.826954e-02, -4.528597e-02, -5.846236e-02, -4.533573e-02
1.000500e+00, -2.068830e-01, -6.930949e-02, -6.812974e-02, -6.944377e-02, -5.824921e-02, -4.576826e-02, -5.789172e-02, -4.497381e-02
1.001000e+00, -2.073900e-01, -6.914863e-02, -6.881625e-02, -6.942515e-02, -5.730683e-02, -4.574120e-02, -5.813154e-02, -4.621047e-02
1.001500e+00, -2.059031e-01, -6.891672e-02, -6.847222e-02, -6.851413e-02, -5.828517e-02, -4.593511e-02, -5.640217e-02, -4.528063e-02
1.002000e+00, -2.030395e-01, -6.834207e-02, -6.755068e-02, -6.714675e-02, -5.487968e-02, -4.535616e-02, -5.634118e-02, -4.646248e-02
1.002500e+00, -1.788507e-01, -6.770932e-02, -4.399459e-02, -6.714681e-02, -4.852635e-02, -3.967698e-02, -4.915429e-02, -4.149310e-02
1.003000e+00, -1.322609e-01, -4.454876e-02, -4.337307e-02, -4.433909e-02, -3.520539e-02, -3.085646e-02, -3.522862e-02, -3.097045e-02
1.003500e+00, -1.494190e-01, -4.245283e-02, -6.567969e-02, -4.128650e-02, -4.123772e-02, -3.418334e-02, -4.165890e-02, -3.233906e-02
1.004000e+00, -1.469645e-01, -4.043059e-02, -6.420475e-02, -4.232916e-02, -4.182953e-02, -3.211001e-02, -3.953333e-02, -3.349162e-02
1.004500e+00, -1.341349e-01, -4.425024e-02, -4.489877e-02, -4.498589e-02, -3.541156e-02, -3.159058e-02, -3.523244e-02, -3.190031e-02
1.005000e+00, -1.201379e-01, -3.987227e-02, -4.021737e-02, -4.004829e-02, -3.517013e-02, -2.484333e-02, -3.547703e-02, -2.464744e-02
1.005500e+00, -1.162711e-01, -3.884123e-02, -4.005400e-02, -3.737583e-02, -3.513503e-02, -2.080401e-02, -3.525282e-02, -2.507920e-02
1.006000e+00, -1.222658e-01, -3.822024e-02, -3.925411e-02, -4.479148e-02, -3.511273e-02, -2.601276e-02, -3.551291e-02, -2.562744e-02
1.006500e+00, -1.141821e-01, -3.808865e-02, -3.747741e-02, -3.861602e-02, -3.514799e-02, -2.205620e-02, -3.504073e-02, -2.193716e-02
1.007000e+00, -1.121483e-01, -3.703060e-02, -3.646147e-02, -3.865621e-02, -3.525916e-02, -2.101391e-02, -3.515550e-02, -2.071970e-02
1.007500e+00, -1.093455e-01, -3.642574e-02, -3.577873e-02, -3.714101e-02, -3.519423e-02, -1.926593e-02, -3.511783e-02, -1.976751e-02
1.008000e+00, -1.097785e-01, -3.723217e-02, -3.638020e-02, -3.616608e-02, -3.492919e-02, -1.905676e-02, -3.489065e-02, -2.090185e-02
1.008500e+00, -1.065955e-01, -3.469050e-02, -3.666576e-02, -3.523926e-02, -3.504219e-02, -1.967507e-02, -3.471541e-02, -1.716285e-02
1.009000e+00, -1.027104e-01, -3.513188e-02, -3.239084e-02, -3.518770e-02, -3.350997e-02, -1.641280e-02, -3.448161e-02, -1.830603e-02
1.009500e+00, -9.418462e-02, -3.139692e-02, -3.116847e-02, -3.161922e-02, -3.224139e-02, -1.595784e-02, -3.299459e-02, -1.299079e-02
1.010000e+00, -6.755026e-02, -1.861327e-02, -1.916506e-02, -2.977192e-02, -2.457691e-02, -9.445062e-03, -2.322184e-02, -1.030645e-02
1.010500e+00, -2.595094e-02, -5.829954e-03, -1.036275e-02, -9.758235e-03, -7.955846e-03, -5.624166e-03, -6.788941e-03, -5.581987e-03
1.011000e+00, -2.436102e-02, -3.941579e-03, -7.058361e-03, -1.336108e-02, -6.723660e-03, -4.963011e-03, -7.442218e-03, -5.232131e-03
1.011500e+00, -2.233521e-02, -5.604161e-03, 4.964366e-04, -1.722748e-02, -6.682075e-03, -3.428181e-03, -9.700388e-03, -2.524561e-03
1.012000e+00, 2.566522e-03, 1.078182e-03, -1.977075e-03, 3.465415e-03, -1.244693e-03, 1.543737e-03, 1.254580e-03, 1.012899e-03
1.012500e+00, 8.617688e-03, 4.492198e-03, 1.146526e-03, 2.978964e-03, 1.446926e-03, 2.385601e-03, 1.141473e-03, 3.643688e-03
1.013000e+00, 1.316954e-02, 4.444424e-03, 4.308990e-03, 4.416122e-03, 1.399542e-03, 5.482100e-03, 1.557455e-03, 4.730440e-03
1.013500e+00, 1.195828e-02, 4.014652e-03, 3.996803e-03, 3.946824e-03, 1.633103e-03, 4.125671e-03, 1.376135e-03, 4.823372e-03
1.014000e+00, 1.336476e-02, 4.927884e-03, 4.304363e-03, 4.132515e-03, 1.905383e-03, 4.618946e-03, 1.807500e-03, 5.032932e-03
1.014500e+00, 1.388112e-02, 4.902725e-03, 4.419408e-03, 4.558985e-03, 1.793693e-03, 5.010298e-03, 1.677139e-03, 5.399988e-03
1.015000e+00, 1.324249e-02, 4.335219e-03, 4.849387e-03, 4.057887e-03, 1.402092e-03, 5.157245e-03, 1.803997e-03, 4.879160e-03
1.015500e+00, 1.492908e-02, 4.657595e-03, 5.227655e-03, 5.043834e-03, 1.795331e-03, 5.507272e-03, 1.932697e-03, 5.693784e-03
1.016000e+00, 1.352331e-02, 4.847971e-03, 4.256999e-03, 4.418338e-03, 1.789156e-03, 5.450504e-03, 1.591085e-03, 4.692564e-03
1.016500e+00, 1.328255e-02, 3.980084e-03, 4.591736e-03, 4.710728e-03, 1.624575e-03, 4.969502e-03, 1.941282e-03, 4.747188e-03
1.017000e+00, 1.416924e-02, 4.362989e-03, 4.658827e-03, 5.147420e-03, 1.644000e-03, 5.534517e-03, 1.950682e-03, 5.040037e-03
1.017500e+00, 1.350496e-02, 4.396241e-03, 4.978745e-03, 4.129978e-03, 1.838180e-03, 4.494039e-03, 1.957266e-03, 5.215479e-03
1.018000e+00, 1.513734e-02, 5.210322e-03, 4.905047e-03, 5.021968e-03, 1.878996e-03, 5.916555e-03, 1.759111e-03, 5.582674e-03
1.018500e+00, 1.439598e-02, 5.038107e-03, 4.530650e-03, 4.827221e-03, 1.851231e-03, 5.594859e-03, 1.807355e-03, 5.142534e-03
1.019000e+00, 1.403851e-02, 4.842769e-03, 4.638763e-03, 4.556976e-03, 1.914574e-03, 5.416999e-03, 1.672894e-03, 5.034042e-03
1.019500e+00, 1.466574e-02, 5.059637e-03, 4.239738e-03, 5.366371e-03, 1.713584e-03, 5.644394e-03, 1.649628e-03, 5.658139e-03
1.020000e+00, 1.529732e-02, 5.105736e-03, 5.348001e-03, 4.843582e-03, 1.594395e-03, 6.378287e-03, 1.773999e-03, 5.550637e-03
1.020500e+00, 1.503477e-02, 4.924220e-03, 5.000817e-03, 5.109730e-03, 1.870288e-03, 5.424129e-03, 1.637662e-03, 6.102689e-03
1.021000e+00, 1.669440e-02, 5.514226e-03, 6.134827e-03, 5.045345e-03, 1.872194e-03, 6.750505e-03, 1.827474e-03, 6.244225e-03
1.021500e+00, 1.734892e-02, 6.010678e-03, 5.940136e-03, 5.398104e-03, 1.793113e-03, 6.580653e-03, 1.814548e-03, 7.160604e-03
1.022000e+00, 1.882702e-02, 6.455681e-03, 6.579264e-03, 5.792079e-03, 1.995418e-03, 6.916025e-03, 1.982403e-03, 7.933178e-03
1.022500e+00, 1.811814e-02, 6.440242e-03, 5.782059e-03, 5.895837e-03, 1.842996e-03, 6.692698e-03, 1.891901e-03, 7.690544e-03
1.023000e+00, 1.892228e-02, 5.891087e-03, 6.939521e-03, 6.091670e-03, 1.792753e-03, 8.170314e-03, 1.874992e-03, 7.084219e-03
1.023500e+00, 1.871759e-02, 5.730936e-03, 6.588084e-03, 6.398574e-03, 1.967306e-03, 7.117620e-03, 2.026725e-03, 7.605944e-03
1.024000e+00, 1.983157e-02, 6.643510e-03, 6.829296e-03, 6.358760e-03, 1.984740e-03, 7.117096e-03, 1.876060e-03, 8.853671e-03
1.024500e+00, 2.208424e-02, 7.024405e-03, 7.832614e-03, 7.227223e-03, 2.327510e-03, 9.203093e-03, 2.226895e-03, 8.326743e-03
1.025000e+00, 2.320458e-02, 8.223532e-03, 7.589394e-03, 7.391658e-03, 2.069442e-03, 8.861770e-03, 2.010245e-03, 1.026313e-02
1.025500e+00, 2.354661e-02, 7.278814e-03, 8.247156e-03, 8.020637e-03, 2.320772e-03, 8.677628e-03, 2.430960e-03, 1.011725e-02
1.026000e+00, 2.390985e-02, 7.438388e-03, 8.129766e-03, 8.341692e-03, 2.039045e-03, 9.170769e-03, 2.517263e-03, 1.018277e-02
1.026500e+00, 2.669711e-02, 8.348237e-03, 8.711512e-03, 9.637362e-03, 2.325590e-03, 1.082150e-02, 2.857640e-03, 1.069239e-02
1.027000e+00, 2.598719e-02, 8.714205e-03, 8.247647e-03, 9.025340e-03, 2.440403e-03, 1.041401e-02, 2.461547e-03, 1.067123e-02
1.027500e+00, 2.734408e-02, 8.211140e-03, 9.284586e-03, 9.848350e-03, 2.939504e-03, 1.007245e-02, 2.729765e-03, 1.160236e-02
1.028000e+00, 2.591812e-02, 8.558337e-03, 9.536678e-03, 7.823106e-03, 2.686156e-03, 1.020530e-02, 2.396790e-03, 1.062988e-02
1.028500e+00, 2.789342e-02, 8.762332e-03, 9.742319e-03, 9.388769e-03, 2.327701e-03, 1.161209e-02, 2.516803e-03, 1.143683e-02
1.029000e+00, 2.871187e-02, 9.858532e-03, 8.923078e-03, 9.930256e-03, 3.151876e-03, 1.086229e-02, 3.208800e-03, 1.148890e-02
1.029500e+00, 2.932295e-02, 9.738873e-03, 1.008152e-02, 9.502558e-03, 3.247997e-03, 1.212275e-02, 2.558536e-03, 1.139366e-02
1.030000e+00, 2.997149e-02, 9.795344e-03, 9.662185e-03, 1.051397e-02, 2.952556e-03, 1.322078e-02, 2.964279e-03, 1.083388e-02
1.030500e+00, 3.063608e-02, 1.095078e-02, 9.535674e-03, 1.014963e-02, 2.987383e-03, 1.157614e-02, 3.115026e-03, 1.295753e-02
1.031000e+00, 3.185513e-02, 1.039418e-02, 1.144715e-02, 1.001380e-02, 3.129823e-03, 1.192211e-02, 2.927594e-03, 1.387561e-02
1.031500e+00, 3.474318e-02, 1.178425e-02, 1.155131e-02, 1.140763e-02, 3.263308e-03, 1.282439e-02, 4.798570e-03, 1.385691e-02
1.032000e+00, 3.622933e-02, 1.156176e-02, 1.293500e-02, 1.173256e-02, 4.358581e-03, 1.388448e-02, 4.704034e-03, 1.328223e-02
1.032500e+00, 3.468085e-02, 1.182980e-02, 1.114123e-02, 1.170983e-02, 4.132910e-03, 1.359555e-02, 3.618680e-03, 1.333371e-02
1.033000e+00, 3.327702e-02, 1.099204e-02, 1.163005e-02, 1.065492e-02, 3.386780e-03, 1.329907e-02, 3.211572e-03, 1.337960e-02
1.033500e+00, 3.398239e-02, 1.140995e-02, 1.126218e-02, 1.131026e-02, 3.577125e-03, 1.330612e-02, 3.173349e-03, 1.392580e-02
1.034000e+00, 2.450270e-02, 1.270703e-02, -1.976552e-03, 1.377222e-02, 2.023015e-03, 1.009173e-02, 9.297428e-04, 1.145821e-02
1.034500e+00, 3.121829e-02, 1.095472e-02, 9.768575e-03, 1.049500e-02, 2.463008e-03, 1.285011e-02, 2.762062e-03, 1.314311e-02
1.035000e+00, 2.629346e-02, 7.156513e-03, 9.518873e-03, 9.618070e-03, 2.567410e-03, 1.070501e-02, 2.458672e-03, 1.056236e-02
