9.300000e-01, 1.309783e-02, 8.012222e-02, -6.702439e-02, 1.309783e-02, 1.500000e+00, 1.000000e+00, 5.000000e-01, 4.000000e+00, 4.000000e+00, 3.000000e+00
9.305000e-01, 1.260098e-02, 8.010536e-02, -6.750438e-02, 1.260098e-02, 1.500000e+00, 1.000000e+00, 5.000000e-01, 4.000000e+00, 4.000000e+00, 3.000000e+00
9.310000e-01, 1.311975e-02, 8.015115e-02, -6.703140e-02, 1.311975e-02, 1.500000e+00, 1.000000e+00, 5.000000e-01, 4.000000e+00, 4.000000e+00, 3.000000e+00
9.315000e-01, 1.384866e-02, 8.936131e-02, -7.551265e-02, 1.384866e-02, 1.500000e+00, 1.000000e+00, 5.000000e-01, 4.000000e+00, 4.000000e+00, 3.000000e+00
9.320000e-01, 1.406146e-02, 8.825510e-02, -7.419363e-02, 1.406146e-02, 1.500000e+00, 1.000000e+00, 5.000000e-01, 4.000000e+00, 4.000000e+00, 3.000000e+00
9.325000e-01, 1.329613e-02, 8.715343e-02, -7.385730e-02, 1.329613e-02, 1.500000e+00, 1.000000e+00, 5.000000e-01, 4.000000e+00, 4.000000e+00, 3.000000e+00
9.330000e-01, 1.259613e-02, 1.142341e-01, -1.016380e-01, 1.259613e-02, 1.500000e+00, 1.000000e+00, 5.000000e-01, 4.000000e+00, 4.000000e+00, 3.000000e+00
9.335000e-01, 1.360100e-02, 1.279211e-01, -1.143201e-01, 1.360100e-02, 1.500000e+00, 1.000000e+00, 5.000000e-01, 4.000000e+00, 4.000000e+00, 3.000000e+00
9.340000e-01, 1.276974e-02, 1.607260e-01, -1.479563e-01, 1.276974e-02, 1.500000e+00, 1.000000e+00, 5.000000e-01, 4.000000e+00, 4.000000e+00, 3.000000e+00
9.345000e-01, 1.357894e-02, 1.793444e-01, -1.657655e-01, 1.357894e-02, 1.500000e+00, 1.000000e+00, 5.000000e-01, 4.000000e+00, 4.000000e+00, 3.000000e+00
9.350000e-01, -3.671632e-02, 1.817366e-01, -2.184529e-01, -3.671632e-02, 1.500000e+00, 1.000000e+00, 5.000000e-01, 4.000000e+00, 4.000000e+00, 3.000000e+00
9.355000e-01, -6.032507e-02, 1.948262e-01, -2.551512e-01, -6.032507e-02, 1.500000e+00, 1.000000e+00, 5.000000e-01, 4.000000e+00, 4.000000e+00, 3.000000e+00
9.360000e-01, -1.078818e-01, 1.617930e-01, -2.696748e-01, -1.078818e-01, 1.500000e+00, 1.000000e+00, 5.000000e-01, 4.000000e+00, 4.000000e+00, 3.000000e+00
9.365000e-01, -1.582840e-01, 1.224174e-01, -2.807014e-01, -1.582840e-01, 1.500000e+00, 1.000000e+00, 5.000000e-01, 4.000000e+00, 4.000000e+00, 3.000000e+00
9.370000e-01, -2.070304e-01, 7.743567e-02, -2.844661e-01, -2.070304e-01, 1.500000e+00, 1.000000e+00, 5.000000e-01, 4.000000e+00, 4.000000e+00, 3.000000e+00
9.375000e-01, -1.829047e-01, 1.002858e-01, -2.831905e-01, -1.829047e-01, 1.500000e+00, 1.000000e+00, 5.000000e-01, 4.000000e+00, 4.000000e+00, 3.000000e+00
9.380000e-01, -1.828710e-01, 1.022943e-01, -2.851653e-01, -1.828710e-01, 1.500000e+00, 1.000000e+00, 5.000000e-01, 4.000000e+00, 4.000000e+00, 3.000000e+00
9.385000e-01, -2.067559e-01, 8.045480e-02, -2.872107e-01, -2.067559e-01, 1.500000e+00, 1.000000e+00, 5.000000e-01, 4.000000e+00, 4.000000e+00, 3.000000e+00
9.390000e-01, -2.051146e-01, 8.061329e-02, -2.857279e-01, -2.051146e-01, 1.500000e+00, 1.000000e+00, 5.000000e-01, 4.000000e+00, 4.000000e+00, 3.000000e+00
9.395000e-01, -2.068368e-01, 8.081316e-02, -2.876500e-01, -2.068368e-01, 1.500000e+00, 1.000000e+00, 5.000000e-01, 4.000000e+00, 4.000000e+00, 3.000000e+00
9.400000e-01, -2.058837e-01, 8.091757e-02, -2.868013e-01, -2.058837e-01, 1.500000e+00, 1.000000e+00, 5.000000e-01, 4.000000e+00, 4.000000e+00, 3.000000e+00
9.405000e-01, -2.068126e-01, 8.106934e-02, -2.878819e-01, -2.068126e-01, 1.500000e+00, 1.000000e+00, 5.000000e-01, 4.000000e+00, 4.000000e+00, 3.000000e+00
9.410000e-01, -2.053092e-01, 8.146538e-02, -2.867745e-01, -2.053092e-01, 1.500000e+00, 1.000000e+00, 5.000000e-01, 4.000000e+00, 4.000000e+00, 3.000000e+00
9.415000e-01, -2.064577e-01, 8.162181e-02, -2.880795e-01, -2.064577e-01, 1.500000e+00, 1.000000e+00, 5.000000e-01, 4.000000e+00, 4.000000e+00, 3.000000e+00
9.420000e-01, -2.059646e-01, 8.235011e-02, -2.883147e-01, -2.059646e-01, 1.500000e+00, 1.000000e+00, 5.000000e-01, 4.000000e+00, 4.000000e+00, 3.000000e+00
9.425000e-01, -2.069886e-01, 8.349575e-02, -2.904844e-01, -2.069886e-01, 1.500000e+00, 1.000000e+00, 5.000000e-01, 4.000000e+00, 4.000000e+00, 3.000000e+00
9.430000e-01, -2.070730e-01, 8.424901e-02, -2.913220e-01, -2.070730e-01, 1.500000e+00, 1.000000e+00, 5.000000e-01, 4.000000e+00, 4.000000e+00, 3.000000e+00
9.435000e-01, -2.079863e-01, 8.520280e-02, -2.931891e-01, -2.079863e-01, 1.500000e+00, 1.000000e+00, 5.000000e-01, 4.000000e+00, 4.000000e+00, 3.000000e+00
9.440000e-01, -2.061607e-01, 8.641851e-02, -2.925792e-01, -2.061607e-01, 1.500000e+00, 1.000000e+00, 5.000000e-01, 4.000000e+00, 4.000000e+00, 3.000000e+00
9.445000e-01, -2.071656e-01, 9.035070e-02, -2.975163e-01, -2.071656e-01, 1.500000e+00, 1.000000e+00, 5.000000e-01, 4.000000e+00, 4.000000e+00, 3.000000e+00
9.450000e-01, -2.068960e-01, 9.172516e-02, -2.986212e-01, -2.068960e-01, 1.500000e+00, 1.000000e+00, 5.000000e-01, 4.000000e+00, 4.000000e+00, 3.000000e+00
9.455000e-01, -2.062139e-01, 9.553596e-02, -3.017498e-01, -2.062139e-01, 1.500000e+00, 1.000000e+00, 5.000000e-01, 4.000000e+00, 4.000000e+00, 3.000000e+00
9.460000e-01, -2.057201e-01, 1.003154e-01, -3.060355e-01, -2.057201e-01, 1.500000e+00, 1.000000e+00, 5.000000e-01, 4.000000e+00, 4.000000e+00, 3.000000e+00
9.465000e-01, -2.069204e-01, 9.758510e-02, -3.045055e-01, -2.069204e-01, 1.500000e+00, 1.000000e+00, 5.000000e-01, 4.000000e+00, 4.000000e+00, 3.000000e+00
9.470000e-01, -2.071907e-01, 1.029033e-01, -3.100940e-01, -2.071907e-01, 1.500000e+00, 1.000000e+00, 5.000000e-01, 4.000000e+00, 4.000000e+00, 3.000000e+00
9.475000e-01, -2.059070e-01, 1.098842e-01, -3.157913e-01, -2.059070e-01, 1.500000e+00, 1.000000e+00, 5.000000e-01, 4.000000e+00, 4.000000e+00, 3.000000e+00
9.480000e-01, -2.062023e-01, 1.092233e-01, -3.154256e-01, -2.062023e-01, 1.500000e+00, 1.000000e+00, 5.000000e-01, 4.000000e+00, 4.000000e+00, 3.000000e+00
9.485000e-01, -2.068754e-01, 1.153038e-01, -3.221792e-01, -2.068754e-01, 1.500000e+00, 1.000000e+00, 5.000000e-01, 4.000000e+00, 4.000000e+00, 3.000000e+00
9.490000e-01, -2.065940e-01, 1.167100e-01, -3.233040e-01, -2.065940e-01, 1.500000e+00, 1.000000e+00, 5.000000e-01, 4.000000e+00, 4.000000e+00, 3.000000e+00
9.495000e-01, -2.078687e-01, 1.221402e-01, -3.300089e-01, -2.078687e-01, 1.500000e+00, 1.000000e+00, 5.000000e-01, 4.000000e+00, 4.000000e+00, 3.000000e+00
9.500000e-01, -2.062038e-01, 1.264040e-01, -3.326078e-01, -2.062038e-01, 1.500000e+00, 1.000000e+00, 5.000000e-01, 4.000000e+00, 4.000000e+00, 3.000000e+00
9.505000e-01, -2.067975e-01, 1.314307e-01, -3.382282e-01, -2.067975e-01, 1.500000e+00, 1.000000e+00, 5.000000e-01, 4.000000e+00, 4.000000e+00, 3.000000e+00
9.510000e-01, -2.068695e-01, 1.338680e-01, -3.407376e-01, -2.068695e-01, 1.500000e+00, 1.000000e+00, 5.000000e-01, 4.000000e+00, 4.000000e+00, 3.000000e+00
9.515000e-01, -2.051054e-01, 1.352153e-01, -3.403208e-01, -2.051054e-01, 1.500000e+00, 1.000000e+00, 5.000000e-01, 4.000000e+00, 4.000000e+00, 3.000000e+00
9.520000e-01, -2.058290e-01, 1.368946e-01, -3.427236e-01, -2.058290e-01, 1.500000e+00, 1.000000e+00, 5.000000e-01, 4.000000e+00, 4.000000e+00, 3.000000e+00
9.525000e-01, -2.061148e-01, 1.424935e-01, -3.486084e-01, -2.061148e-01, 1.500000e+00, 1.000000e+00, 5.000000e-01, 4.000000e+00, 4.000000e+00, 3.000000e+00
9.530000e-01, -2.057337e-01, 1.483480e-01, -3.540817e-01, -2.057337e-01, 1.500000e+00, 1.000000e+00, 5.000000e-01, 4.000000e+00, 4.000000e+00, 3.000000e+00
9.535000e-01, -2.058507e-01, 1.484516e-01, -3.543022e-01, -2.058507e-01, 1.500000e+00, 1.000000e+00, 5.000000e-01, 4.000000e+00, 4.000000e+00, 3.000000e+00
9.540000e-01, -2.066373e-01, 1.522430e-01, -3.588803e-01, -2.066373e-01, 1.500000e+00, 1.000000e+00, 5.000000e-01, 4.000000e+00, 4.000000e+00, 3.000000e+00
9.545000e-01, -2.064316e-01, 1.537371e-01, -3.601687e-01, -2.064316e-01, 1.500000e+00, 1.000000e+00, 5.000000e-01, 4.000000e+00, 4.000000e+00, 3.000000e+00
9.550000e-01, -2.062569e-01, 1.561926e-01, -3.624495e-01, -2.062569e-01, 1.500000e+00, 1.000000e+00, 5.000000e-01, 4.000000e+00, 4.000000e+00, 3.000000e+00
9.555000e-01, -2.077333e-01, 1.574759e-01, -3.652093e-01, -2.077333e-01, 1.500000e+00, 1.000000e+00, 5.000000e-01, 4.000000e+00, 4.000000e+00, 3.000000e+00
9.560000e-01, -2.064096e-01, 1.620732e-01, -3.684828e-01, -2.064096e-01, 1.500000e+00, 1.000000e+00, 5.000000e-01, 4.000000e+00, 4.000000e+00, 3.000000e+00
9.565000e-01, -2.065602e-01, 1.616808e-01, -3.682410e-01, -2.065602e-01, 1.500000e+00, 1.000000e+00, 5.000000e-01, 4.000000e+00, 4.000000e+00, 3.000000e+00
9.570000e-01, -2.057886e-01, 1.667332e-01, -3.725218e-01, -2.057886e-01, 1.500000e+00, 1.000000e+00, 5.000000e-01, 4.000000e+00, 4.000000e+00, 3.000000e+00
9.575000e-01, -2.069561e-01, 1.671907e-01, -3.741468e-01, -2.069561e-01, 1.500000e+00, 1.000000e+00, 5.000000e-01, 4.000000e+00, 4.000000e+00, 3.000000e+00
9.580000e-01, -2.055286e-01, 1.707484e-01, -3.762770e-01, -2.055286e-01, 1.500000e+00, 1.000000e+00, 5.000000e-01, 4.000000e+00, 4.000000e+00, 3.000000e+00
9.585000e-01, -2.052339e-01, 1.740553e-01, -3.792893e-01, -2.052339e-01, 1.500000e+00, 1.000000e+00, 5.000000e-01, 4.000000e+00, 4.000000e+00, 3.000000e+00
9.590000e-01, -2.078657e-01, 1.747645e-01, -3.826302e-01, -2.078657e-01, 1.500000e+00, 1.000000e+00, 5.000000e-01, 4.000000e+00, 4.000000e+00, 3.000000e+00
9.595000e-01, -2.069079e-01, 1.761442e-01, -3.830521e-01, -2.069079e-01, 1.500000e+00, 1.000000e+00, 5.000000e-01, 4.000000e+00, 4.000000e+00, 3.000000e+00
9.600000e-01, -2.072281e-01, 1.773431e-01, -3.845713e-01, -2.072281e-01, 1.500000e+00, 1.000000e+00, 5.000000e-01, 4.000000e+00, 4.000000e+00, 3.000000e+00
9.605000e-01, -2.078283e-01, 1.784207e-01, -3.862490e-01, -2.078283e-01, 1.500000e+00, 1.000000e+00, 5.000000e-01, 4.000000e+00, 4.000000e+00, 3.000000e+00
9.610000e-01, -2.061344e-01, 1.834877e-01, -3.896220e-01, -2.061344e-01, 1.500000e+00, 1.000000e+00, 5.000000e-01, 4.000000e+00, 4.000000e+00, 3.000000e+00
9.615000e-01, -2.070249e-01, 1.832469e-01, -3.902718e-01, -2.070249e-01, 1.500000e+00, 1.000000e+00, 5.000000e-01, 4.000000e+00, 4.000000e+00, 3.000000e+00
9.620000e-01, -2.068120e-01, 1.862025e-01, -3.930145e-01, -2.068120e-01, 1.500000e+00, 1.000000e+00, 5.000000e-01, 4.000000e+00, 4.000000e+00, 3.000000e+00
9.625000e-01, -2.063511e-01, 1.864258e-01, -3.927769e-01, -2.063511e-01, 1.500000e+00, 1.000000e+00, 5.000000e-01, 4.000000e+00, 4.000000e+00, 3.000000e+00
9.630000e-01, -2.062776e-01, 1.910625e-01, -3.973401e-01, -2.062776e-01, 1.500000e+00, 1.000000e+00, 5.000000e-01, 4.000000e+00, 4.000000e+00, 3.000000e+00
9.635000e-01, -2.064310e-01, 1.925075e-01, -3.989386e-01, -2.064310e-01, 1.500000e+00, 1.000000e+00, 5.000000e-01, 4.000000e+00, 4.000000e+00, 3.000000e+00
9.640000e-01, -2.082604e-01, 1.921604e-01, -4.004208e-01, -2.082604e-01, 1.500000e+00, 1.000000e+00, 5.000000e-01, 4.000000e+00, 4.000000e+00, 3.000000e+00
9.645000e-01, -2.077418e-01, 1.931712e-01, -4.009129e-01, -2.077418e-01, 1.500000e+00, 1.000000e+00, 5.000000e-01, 4.000000e+00, 4.000000e+00, 3.000000e+00
9.650000e-01, -2.060176e-01, 1.970638e-01, -4.030815e-01, -2.060176e-01, 1.500000e+00, 1.000000e+00, 5.000000e-01, 4.000000e+00, 4.000000e+00, 3.000000e+00
9.655000e-01, -2.058920e-01, 1.985649e-01, -4.044569e-01, -2.058920e-01, 1.500000e+00, 1.000000e+00, 5.000000e-01, 4.000000e+00, 4.000000e+00, 3.000000e+00
9.660000e-01, -2.065067e-01, 2.001276e-01, -4.066343e-01, -2.065067e-01, 1.500000e+00, 1.000000e+00, 5.000000e-01, 4.000000e+00, 4.000000e+00, 3.000000e+00
9.665000e-01, -2.066859e-01, 2.043399e-01, -4.110258e-01, -2.066859e-01, 1.500000e+00, 1.000000e+00, 5.000000e-01, 4.000000e+00, 4.000000e+00, 3.000000e+00
9.670000e-01, -2.070649e-01, 2.019750e-01, -4.090400e-01, -2.070649e-01, 1.500000e+00, 1.000000e+00, 5.000000e-01, 4.000000e+00, 4.000000e+00, 3.000000e+00
9.675000e-01, -2.063783e-01, 2.074938e-01, -4.138721e-01, -2.063783e-01, 1.500000e+00, 1.000000e+00, 5.000000e-01, 4.000000e+00, 4.000000e+00, 3.000000e+00
9.680000e-01, -2.076714e-01, 2.072294e-01, -4.149008e-01, -2.076714e-01, 1.500000e+00, 1.000000e+00, 5.000000e-01, 4.000000e+00, 4.000000e+00, 3.000000e+00
9.685000e-01, -2.067225e-01, 2.095492e-01, -4.162717e-01, -2.067225e-01, 1.500000e+00, 1.000000e+00, 5.000000e-01, 4.000000e+00, 4.000000e+00, 3.000000e+00
9.690000e-01, -2.062219e-01, 2.121481e-01, -4.183699e-01, -2.062219e-01, 1.500000e+00, 1.000000e+00, 5.000000e-01, 4.000000e+00, 4.000000e+00, 3.000000e+00
9.695000e-01, -2.057815e-01, 2.126171e-01, -4.183986e-01, -2.057815e-01, 1.500000e+00, 1.000000e+00, 5.000000e-01, 4.000000e+00, 4.000000e+00, 3.000000e+00
9.700000e-01, -2.074268e-01, 2.137527e-01, -4.211795e-01, -2.074268e-01, 1.500000e+00, 1.000000e+00, 5.000000e-01, 4.000000e+00, 4.000000e+00, 3.000000e+00
9.705000e-01, -2.068883e-01, 2.167929e-01, -4.236813e-01, -2.068883e-01, 1.500000e+00, 1.000000e+00, 5.000000e-01, 4.000000e+00, 4.000000e+00, 3.000000e+00
9.710000e-01, -2.073251e-01, 2.171740e-01, -4.244992e-01, -2.073251e-01, 1.500000e+00, 1.000000e+00, 5.000000e-01, 4.000000e+00, 4.000000e+00, 3.000000e+00
9.715000e-01, -2.069461e-01, 2.191512e-01, -4.260973e-01, -2.069461e-01, 1.500000e+00, 1.000000e+00, 5.000000e-01, 4.000000e+00, 4.000000e+00, 3.000000e+00
9.720000e-01, -2.065509e-01, 2.191775e-01, -4.257284e-01, -2.065509e-01, 1.500000e+00, 1.000000e+00, 5.000000e-01, 4.000000e+00, 4.000000e+00, 3.000000e+00
9.725000e-01, -2.067487e-01, 2.216791e-01, -4.284278e-01, -2.067487e-01, 1.500000e+00, 1.000000e+00, 5.000000e-01, 4.000000e+00, 4.000000e+00, 3.000000e+00
9.730000e-01, -2.068109e-01, 2.225455e-01, -4.293563e-01, -2.068109e-01, 1.500000e+00, 1.000000e+00, 5.000000e-01, 4.000000e+00, 4.000000e+00, 3.000000e+00
9.735000e-01, -2.071043e-01, 2.245360e-01, -4.316403e-01, -2.071043e-01, 1.500000e+00, 1.000000e+00, 5.000000e-01, 4.000000e+00, 4.000000e+00, 3.000000e+00
9.740000e-01, -2.067165e-01, 2.246598e-01, -4.313764e-01, -2.067165e-01, 1.500000e+00, 1.000000e+00, 5.000000e-01, 4.000000e+00, 4.000000e+00, 3.000000e+00
9.745000e-01, -2.071983e-01, 2.259498e-01, -4.331481e-01, -2.071983e-01, 1.500000e+00, 1.000000e+00, 5.000000e-01, 4.000000e+00, 4.000000e+00, 3.000000e+00
9.750000e-01, -2.073357e-01, 2.277059e-01, -4.350416e-01, -2.073357e-01, 1.500000e+00, 1.000000e+00, 5.000000e-01, 4.000000e+00, 4.000000e+00, 3.000000e+00
9.755000e-01, -2.070821e-01, 2.288456e-01, -4.359276e-01, -2.070821e-01, 1.500000e+00, 1.000000e+00, 5.000000e-01, 4.000000e+00, 4.000000e+00, 3.000000e+00
9.760000e-01, -2.058346e-01, 2.316518e-01, -4.374863e-01, -2.058346e-01, 1.500000e+00, 1.000000e+00, 5.000000e-01, 4.000000e+00, 4.000000e+00, 3.000000e+00
9.765000e-01, -2.074317e-01, 2.325405e-01, -4.399722e-01, -2.074317e-01, 1.500000e+00, 1.000000e+00, 5.000000e-01, 4.000000e+00, 4.000000e+00, 3.000000e+00
9.770000e-01, -2.066286e-01, 2.331562e-01, -4.397848e-01, -2.066286e-01, 1.500000e+00, 1.000000e+00, 5.000000e-01, 4.000000e+00, 4.000000e+00, 3.000000e+00
9.775000e-01, -2.073579e-01, 2.345729e-01, -4.419307e-01, -2.073579e-01, 1.500000e+00, 1.000000e+00, 5.000000e-01, 4.000000e+00, 4.000000e+00, 3.000000e+00
9.780000e-01, -2.063515e-01, 2.368159e-01, -4.431675e-01, -2.063515e-01, 1.500000e+00, 1.000000e+00, 5.000000e-01, 4.000000e+00, 4.000000e+00, 3.000000e+00
9.785000e-01, -2.060474e-01, 2.394612e-01, -4.455086e-01, -2.060474e-01, 1.500000e+00, 1.000000e+00, 5.000000e-01, 4.000000e+00, 4.000000e+00, 3.000000e+00
9.790000e-01, -2.308611e-01, 2.168615e-01, -4.477227e-01, -2.308611e-01, 1.500000e+00, 1.000000e+00, 5.000000e-01, 4.000000e+00, 4.000000e+00, 3.000000e+00
9.795000e-01, -2.555959e-01, 1.936188e-01, -4.492147e-01, -2.555959e-01, 1.500000e+00, 1.000000e+00, 5.000000e-01, 4.000000e+00, 4.000000e+00, 3.000000e+00
9.800000e-01, -2.313482e-01, 2.195586e-01, -4.509068e-01, -2.313482e-01, 1.500000e+00, 1.000000e+00, 5.000000e-01, 4.000000e+00, 4.000000e+00, 3.000000e+00
9.805000e-01, -2.796328e-01, 1.740442e-01, -4.536770e-01, -2.796328e-01, 1.500000e+00, 1.000000e+00, 5.000000e-01, 4.000000e+00, 4.000000e+00, 3.000000e+00
9.810000e-01, -2.549184e-01, 1.984705e-01, -4.533889e-01, -2.549184e-01, 1.500000e+00, 1.000000e+00, 5.000000e-01, 4.000000e+00, 4.000000e+00, 3.000000e+00
9.815000e-01, -2.797162e-01, 1.746650e-01, -4.543812e-01, -2.797162e-01, 1.500000e+00, 1.000000e+00, 5.000000e-01, 4.000000e+00, 4.000000e+00, 3.000000e+00
9.820000e-01, -2.554064e-01, 2.018954e-01, -4.573018e-01, -2.554064e-01, 1.500000e+00, 1.000000e+00, 5.000000e-01, 4.000000e+00, 4.000000e+00, 3.000000e+00
9.825000e-01, -2.797670e-01, 1.790078e-01, -4.587747e-01, -2.797670e-01, 1.500000e+00, 1.000000e+00, 5.000000e-01, 4.000000e+00, 4.000000e+00, 3.000000e+00
9.830000e-01, -2.790294e-01, 1.811176e-01, -4.601470e-01, -2.790294e-01, 1.500000e+00, 1.000000e+00, 5.000000e-01, 4.000000e+00, 4.000000e+00, 3.000000e+00
9.835000e-01, -2.792153e-01, 1.822865e-01, -4.615018e-01, -2.792153e-01, 1.500000e+00, 1.000000e+00, 5.000000e-01, 4.000000e+00, 4.000000e+00, 3.000000e+00
9.840000e-01, -2.807005e-01, 1.829169e-01, -4.636174e-01, -2.807005e-01, 1.500000e+00, 1.000000e+00, 5.000000e-01, 4.000000e+00, 4.000000e+00, 3.000000e+00
9.845000e-01, -2.801874e-01, 1.849711e-01, -4.651585e-01, -2.801874e-01, 1.500000e+00, 1.000000e+00, 5.000000e-01, 4.000000e+00, 4.000000e+00, 3.000000e+00
9.850000e-01, -2.796589e-01, 1.863806e-01, -4.660396e-01, -2.796589e-01, 1.500000e+00, 1.000000e+00, 5.000000e-01, 4.000000e+00, 4.000000e+00, 3.000000e+00
9.855000e-01, -2.800055e-01, 1.869939e-01, -4.669995e-01, -2.800055e-01, 1.500000e+00, 1.000000e+00, 5.000000e-01, 4.000000e+00, 4.000000e+00, 3.000000e+00
9.860000e-01, -2.808786e-01, 1.874021e-01, -4.682807e-01, -2.808786e-01, 1.500000e+00, 1.000000e+00, 5.000000e-01, 4.000000e+00, 4.000000e+00, 3.000000e+00
9.865000e-01, -2.809636e-01, 1.900332e-01, -4.709967e-01, -2.809636e-01, 1.500000e+00, 1.000000e+00, 5.000000e-01, 4.000000e+00, 4.000000e+00, 3.000000e+00
9.870000e-01, -2.808606e-01, 1.914328e-01, -4.722934e-01, -2.808606e-01, 1.500000e+00, 1.000000e+00, 5.000000e-01, 4.000000e+00, 4.000000e+00, 3.000000e+00
9.875000e-01, -2.803750e-01, 1.918202e-01, -4.721953e-01, -2.803750e-01, 1.500000e+00, 1.000000e+00, 5.000000e-01, 4.000000e+00, 4.000000e+00, 3.000000e+00
9.880000e-01, -2.805128e-01, 1.942624e-01, -4.747752e-01, -2.805128e-01, 1.500000e+00, 1.000000e+00, 5.000000e-01, 4.000000e+00, 4.000000e+00, 3.000000e+00
9.885000e-01, -2.810529e-01, 1.961193e-01, -4.771722e-01, -2.810529e-01, 1.500000e+00, 1.000000e+00, 5.000000e-01, 4.000000e+00, 4.000000e+00, 3.000000e+00
9.890000e-01, -2.795576e-01, 1.981172e-01, -4.776748e-01, -2.795576e-01, 1.500000e+00, 1.000000e+00, 5.000000e-01, 4.000000e+00, 4.000000e+00, 3.000000e+00
9.895000e-01, -2.789102e-01, 1.989601e-01, -4.778703e-01, -2.789102e-01, 1.500000e+00, 1.000000e+00, 5.000000e-01, 4.000000e+00, 4.000000e+00, 3.000000e+00
9.900000e-01, -2.784122e-01, 1.996820e-01, -4.780942e-01, -2.784122e-01, 1.500000e+00, 1.000000e+00, 5.000000e-01, 4.000000e+00, 4.000000e+00, 3.000000e+00
9.905000e-01, -3.045788e-01, 1.787411e-01, -4.833199e-01, -3.045788e-01, 1.500000e+00, 1.000000e+00, 5.000000e-01, 4.000000e+00, 4.000000e+00, 3.000000e+00
9.910000e-01, -3.054929e-01, 1.804781e-01, -4.859710e-01, -3.054929e-01, 1.500000e+00, 1.000000e+00, 5.000000e-01, 4.000000e+00, 4.000000e+00, 3.000000e+00
9.915000e-01, -2.915123e-01, 1.884403e-01, -4.799526e-01, -2.915123e-01, 1.500000e+00, 1.000000e+00, 5.000000e-01, 4.000000e+00, 4.000000e+00, 3.000000e+00
9.920000e-01, -2.811247e-01, 1.981001e-01, -4.792248e-01, -2.811247e-01, 1.500000e+00, 1.000000e+00, 5.000000e-01, 4.000000e+00, 4.000000e+00, 3.000000e+00
9.925000e-01, -2.522452e-01, 2.261786e-01, -4.784238e-01, -2.522452e-01, 1.500000e+00, 1.000000e+00, 5.000000e-01, 4.000000e+00, 4.000000e+00, 3.000000e+00
9.930000e-01, -2.135234e-01, 2.696834e-01, -4.832069e-01, -2.135234e-01, 1.500000e+00, 1.000000e+00, 5.000000e-01, 4.000000e+00, 4.000000e+00, 3.000000e+00
9.935000e-01, -2.073382e-01, 2.813146e-01, -4.886528e-01, -2.073382e-01, 1.500000e+00, 1.000000e+00, 5.000000e-01, 4.000000e+00, 4.000000e+00, 3.000000e+00
9.940000e-01, -2.172702e-01, 2.682140e-01, -4.854841e-01, -2.172702e-01, 1.500000e+00, 1.000000e+00, 5.000000e-01, 4.000000e+00, 4.000000e+00, 3.000000e+00
9.945000e-01, -2.139084e-01, 2.838040e-01, -4.977124e-01, -2.139084e-01, 1.500000e+00, 1.000000e+00, 5.000000e-01, 4.000000e+00, 4.000000e+00, 3.000000e+00
9.950000e-01, -2.067302e-01, 2.930286e-01, -4.997588e-01, -2.067302e-01, 1.500000e+00, 1.000000e+00, 5.000000e-01, 4.000000e+00, 4.000000e+00, 3.000000e+00
9.955000e-01, -2.066840e-01, 2.919409e-01, -4.986250e-01, -2.066840e-01, 1.500000e+00, 1.000000e+00, 5.000000e-01, 4.000000e+00, 4.000000e+00, 3.000000e+00
9.960000e-01, -2.059526e-01, 2.942565e-01, -5.002090e-01, -2.059526e-01, 1.500000e+00, 1.000000e+00, 5.000000e-01, 4.000000e+00, 4.000000e+00, 3.000000e+00
9.965000e-01, -2.062962e-01, 2.967971e-01, -5.030932e-01, -2.062962e-01, 1.500000e+00, 1.000000e+00, 5.000000e-01, 4.000000e+00, 4.000000e+00, 3.000000e+00
9.970000e-01, -2.064777e-01, 2.985065e-01, -5.049842e-01, -2.064777e-01, 1.500000e+00, 1.000000e+00, 5.000000e-01, 4.000000e+00, 4.000000e+00, 3.000000e+00
9.975000e-01, -2.060397e-01, 2.998349e-01, -5.058746e-01, -2.060397e-01, 1.500000e+00, 1.000000e+00, 5.000000e-01, 4.000000e+00, 4.000000e+00, 3.000000e+00
9.980000e-01, -2.063077e-01, 3.008209e-01, -5.071285e-01, -2.063077e-01, 1.500000e+00, 1.000000e+00, 5.000000e-01, 4.000000e+00, 4.000000e+00, 3.000000e+00
9.985000e-01, -2.061875e-01, 3.023176e-01, -5.085051e-01, -2.061875e-01, 1.500000e+00, 1.000000e+00, 5.000000e-01, 4.000000e+00, 4.000000e+00, 3.000000e+00
9.990000e-01, -2.048684e-01, 3.036874e-01, -5.085558e-01, -2.048684e-01, 1.500000e+00, 1.000000e+00, 5.000000e-01, 4.000000e+00, 4.000000e+00, 3.000000e+00
9.995000e-01, -2.048493e-01, 3.043721e-01, -5.092214e-01, -2.048493e-01, 1.500000e+00, 1.000000e+00, 5.000000e-01, 4.000000e+00, 4.000000e+00, 3.000000e+00
1.000000e+00, -2.068380e-01, 3.045253e-01, -5.113632e-01, -2.068380e-01, 1.500000e+00, 1.000000e+00, 5.000000e-01, 4.000000e+00, 4.000000e+00, 3.000000e+00
1.000500e+00, -2.008863e-01, 3.112403e-01, -5.121266e-01, -2.008863e-01, 1.500000e+00, 1.000000e+00, 5.000000e-01, 4.000000e+00, 4.000000e+00, 3.000000e+00
1.001000e+00, -2.002939e-01, 3.143079e-01, -5.146018e-01, -2.002939e-01, 1.500000e+00, 1.000000e+00, 5.000000e-01, 4.000000e+00, 4.000000e+00, 3.000000e+00
1.001500e+00, -2.010524e-01, 3.159424e-01, -5.169948e-01, -2.010524e-01, 1.500000e+00, 1.000000e+00, 5.000000e-01, 4.000000e+00, 4.000000e+00, 3.000000e+00
1.002000e+00, -2.021785e-01, 3.141570e-01, -5.163355e-01, -2.021785e-01, 1.500000e+00, 1.000000e+00, 5.000000e-01, 4.000000e+00, 4.000000e+00, 3.000000e+00
1.002500e+00, -1.858521e-01, 3.316524e-01, -5.175045e-01, -1.858521e-01, 1.500000e+00, 1.000000e+00, 5.000000e-01, 4.000000e+00, 4.000000e+00, 3.000000e+00
1.003000e+00, -1.821516e-01, 3.370254e-01, -5.191770e-01, -1.821516e-01, 1.500000e+00, 1.000000e+00, 5.000000e-01, 4.000000e+00, 4.000000e+00, 3.000000e+00
1.003500e+00, -1.270278e-01, 3.837913e-01, -5.108191e-01, -1.270278e-01, 1.500000e+00, 1.000000e+00, 5.000000e-01, 4.000000e+00, 4.000000e+00, 3.000000e+00
1.004000e+00, -1.469864e-01, 3.694969e-01, -5.164833e-01, -1.469864e-01, 1.500000e+00, 1.000000e+00, 5.000000e-01, 4.000000e+00, 4.000000e+00, 3.000000e+00
1.004500e+00, -1.172995e-01, 3.931392e-01, -5.104387e-01, -1.172995e-01, 1.500000e+00, 1.000000e+00, 5.000000e-01, 4.000000e+00, 4.000000e+00, 3.000000e+00
1.005000e+00, -1.208793e-01, 3.943394e-01, -5.152187e-01, -1.208793e-01, 1.500000e+00, 1.000000e+00, 5.000000e-01, 4.000000e+00, 4.000000e+00, 3.000000e+00
1.005500e+00, -1.138438e-01, 3.978661e-01, -5.117100e-01, -1.138438e-01, 1.500000e+00, 1.000000e+00, 5.000000e-01, 4.000000e+00, 4.000000e+00, 3.000000e+00
1.006000e+00, -1.322818e-01, 3.901970e-01, -5.224789e-01, -1.322818e-01, 1.500000e+00, 1.000000e+00, 5.000000e-01, 4.000000e+00, 4.000000e+00, 3.000000e+00
1.006500e+00, -1.141157e-01, 4.034242e-01, -5.175400e-01, -1.141157e-01, 1.500000e+00, 1.000000e+00, 5.000000e-01, 4.000000e+00, 4.000000e+00, 3.000000e+00
1.007000e+00, -1.088202e-01, 4.096380e-01, -5.184582e-01, -1.088202e-01, 1.500000e+00, 1.000000e+00, 5.000000e-01, 4.000000e+00, 4.000000e+00, 3.000000e+00
1.007500e+00, -1.058520e-01, 4.149270e-01, -5.207790e-01, -1.058520e-01, 1.500000e+00, 1.000000e+00, 5.000000e-01, 4.000000e+00, 4.000000e+00, 3.000000e+00
1.008000e+00, -1.042176e-01, 4.184814e-01, -5.226990e-01, -1.042176e-01, 1.500000e+00, 1.000000e+00, 5.000000e-01, 4.000000e+00, 4.000000e+00, 3.000000e+00
1.008500e+00, -1.036476e-01, 4.210992e-01, -5.247469e-01, -1.036476e-01, 1.500000e+00, 1.000000e+00, 5.000000e-01, 4.000000e+00, 4.000000e+00, 3.000000e+00
1.009000e+00, -9.783650e-02, 4.298758e-01, -5.277123e-01, -9.783650e-02, 1.500000e+00, 1.000000e+00, 5.000000e-01, 4.000000e+00, 4.000000e+00, 3.000000e+00
1.009500e+00, -9.270331e-02, 4.409978e-01, -5.337011e-01, -9.270331e-02, 1.500000e+00, 1.000000e+00, 5.000000e-01, 4.000000e+00, 4.000000e+00, 3.000000e+00
1.010000e+00, -5.581501e-02, 4.714884e-01, -5.273034e-01, -5.581501e-02, 1.500000e+00, 1.000000e+00, 5.000000e-01, 4.000000e+00, 4.000000e+00, 3.000000e+00
1.010500e+00, -7.626692e-02, 4.589531e-01, -5.352200e-01, -7.626692e-02, 1.500000e+00, 1.000000e+00, 5.000000e-01, 4.000000e+00, 4.000000e+00, 3.000000e+00
1.011000e+00, -3.308551e-02, 4.958756e-01, -5.289611e-01, -3.308551e-02, 1.500000e+00, 1.000000e+00, 5.000000e-01, 4.000000e+00, 4.000000e+00, 3.000000e+00
1.011500e+00, -5.685352e-03, 5.106526e-01, -5.163380e-01, -5.685352e-03, 1.500000e+00, 1.000000e+00, 5.000000e-01, 4.000000e+00, 4.000000e+00, 3.000000e+00
1.012000e+00, 7.277217e-03, 5.292514e-01, -5.219741e-01, 7.277217e-03, 1.500000e+00, 1.000000e+00, 5.000000e-01, 4.000000e+00, 4.000000e+00, 3.000000e+00
1.012500e+00, 8.591223e-03, 5.345399e-01, -5.259486e-01, 8.591223e-03, 1.500000e+00, 1.000000e+00, 5.000000e-01, 4.000000e+00, 4.000000e+00, 3.000000e+00
1.013000e+00, 1.128839e-02, 5.430585e-01, -5.317701e-01, 1.128839e-02, 1.500000e+00, 1.000000e+00, 5.000000e-01, 4.000000e+00, 4.000000e+00, 3.000000e+00
1.013500e+00, 1.267484e-02, 5.450236e-01, -5.323488e-01, 1.267484e-02, 1.500000e+00, 1.000000e+00, 5.000000e-01, 4.000000e+00, 4.000000e+00, 3.000000e+00
1.014000e+00, 1.234978e-02, 5.516776e-01, -5.393278e-01, 1.234978e-02, 1.500000e+00, 1.000000e+00, 5.000000e-01, 4.000000e+00, 4.000000e+00, 3.000000e+00
1.014500e+00, 1.465699e-02, 5.542874e-01, -5.396305e-01, 1.465699e-02, 1.500000e+00, 1.000000e+00, 5.000000e-01, 4.000000e+00, 4.000000e+00, 3.000000e+00
1.015000e+00, 1.391864e-02, 5.555207e-01, -5.416021e-01, 1.391864e-02, 1.500000e+00, 1.000000e+00, 5.000000e-01, 4.000000e+00, 4.000000e+00, 3.000000e+00
1.015500e+00, 1.388628e-02, 5.592195e-01, -5.453332e-01, 1.388628e-02, 1.500000e+00, 1.000000e+00, 5.000000e-01, 4.000000e+00, 4.000000e+00, 3.000000e+00
1.016000e+00, 1.374542e-02, 5.595449e-01, -5.457995e-01, 1.374542e-02, 1.500000e+00, 1.000000e+00, 5.000000e-01, 4.000000e+00, 4.000000e+00, 3.000000e+00
1.016500e+00, 1.419714e-02, 5.639262e-01, -5.497291e-01, 1.419714e-02, 1.500000e+00, 1.000000e+00, 5.000000e-01, 4.000000e+00, 4.000000e+00, 3.000000e+00
1.017000e+00, 1.322393e-02, 5.649721e-01, -5.517481e-01, 1.322393e-02, 1.500000e+00, 1.000000e+00, 5.000000e-01, 4.000000e+00, 4.000000e+00, 3.000000e+00
1.017500e+00, 1.476285e-02, 5.678215e-01, -5.530586e-01, 1.476285e-02, 1.500000e+00, 1.000000e+00, 5.000000e-01, 4.000000e+00, 4.000000e+00, 3.000000e+00
1.018000e+00, 1.423241e-02, 5.686510e-01, -5.544186e-01, 1.423241e-02, 1.500000e+00, 1.000000e+00, 5.000000e-01, 4.000000e+00, 4.000000e+00, 3.000000e+00
1.018500e+00, 1.506347e-02, 5.744878e-01, -5.594244e-01, 1.506347e-02, 1.500000e+00, 1.000000e+00, 5.000000e-01, 4.000000e+00, 4.000000e+00, 3.000000e+00
1.019000e+00, 1.410702e-02, 5.767064e-01, -5.625993e-01, 1.410702e-02, 1.500000e+00, 1.000000e+00, 5.000000e-01, 4.000000e+00, 4.000000e+00, 3.000000e+00
1.019500e+00, 1.413258e-02, 5.764996e-01, -5.623670e-01, 1.413258e-02, 1.500000e+00, 1.000000e+00, 5.000000e-01, 4.000000e+00, 4.000000e+00, 3.000000e+00
1.020000e+00, 1.466695e-02, 5.806207e-01, -5.659537e-01, 1.466695e-02, 1.500000e+00, 1.000000e+00, 5.000000e-01, 4.000000e+00, 4.000000e+00, 3.000000e+00
1.020500e+00, 1.643266e-02, 5.824835e-01, -5.660508e-01, 1.643266e-02, 1.500000e+00, 1.000000e+00, 5.000000e-01, 4.000000e+00, 4.000000e+00, 3.000000e+00
1.021000e+00, 1.687575e-02, 5.866975e-01, -5.698217e-01, 1.687575e-02, 1.500000e+00, 1.000000e+00, 5.000000e-01, 4.000000e+00, 4.000000e+00, 3.000000e+00
1.021500e+00, 1.563911e-02, 5.876141e-01, -5.719750e-01, 1.563911e-02, 1.500000e+00, 1.000000e+00, 5.000000e-01, 4.000000e+00, 4.000000e+00, 3.000000e+00
1.022000e+00, 1.753761e-02, 5.927380e-01, -5.752004e-01, 1.753761e-02, 1.500000e+00, 1.000000e+00, 5.000000e-01, 4.000000e+00, 4.000000e+00, 3.000000e+00
1.022500e+00, 1.882797e-02, 5.978338e-01, -5.790058e-01, 1.882797e-02, 1.500000e+00, 1.000000e+00, 5.000000e-01, 4.000000e+00, 4.000000e+00, 3.000000e+00
1.023000e+00, 1.957342e-02, 5.987159e-01, -5.791425e-01, 1.957342e-02, 1.500000e+00, 1.000000e+00, 5.000000e-01, 4.000000e+00, 4.000000e+00, 3.000000e+00
1.023500e+00, 1.860371e-02, 6.012487e-01, -5.826450e-01, 1.860371e-02, 1.500000e+00, 1.000000e+00, 5.000000e-01, 4.000000e+00, 4.000000e+00, 3.000000e+00
1.024000e+00, 2.112831e-02, 6.059697e-01, -5.848414e-01, 2.112831e-02, 1.500000e+00, 1.000000e+00, 5.000000e-01, 4.000000e+00, 4.000000e+00, 3.000000e+00
1.024500e+00, 2.080218e-02, 6.094773e-01, -5.886751e-01, 2.080218e-02, 1.500000e+00, 1.000000e+00, 5.000000e-01, 4.000000e+00, 4.000000e+00, 3.000000e+00
1.025000e+00, 2.304281e-02, 6.146017e-01, -5.915588e-01, 2.304281e-02, 1.500000e+00, 1.000000e+00, 5.000000e-01, 4.000000e+00, 4.000000e+00, 3.000000e+00
1.025500e+00, 2.226860e-02, 6.168057e-01, -5.945371e-01, 2.226860e-02, 1.500000e+00, 1.000000e+00, 5.000000e-01, 4.000000e+00, 4.000000e+00, 3.000000e+00
1.026000e+00, 2.438560e-02, 6.202274e-01, -5.958418e-01, 2.438560e-02, 1.500000e+00, 1.000000e+00, 5.000000e-01, 4.000000e+00, 4.000000e+00, 3.000000e+00
1.026500e+00, 2.577152e-02, 6.257162e-01, -5.999447e-01, 2.577152e-02, 1.500000e+00, 1.000000e+00, 5.000000e-01, 4.000000e+00, 4.000000e+00, 3.000000e+00
1.027000e+00, 2.466111e-02, 6.284436e-01, -6.037825e-01, 2.466111e-02, 1.500000e+00, 1.000000e+00, 5.000000e-01, 4.000000e+00, 4.000000e+00, 3.000000e+00
1.027500e+00, 2.543123e-02, 6.306175e-01, -6.051863e-01, 2.543123e-02, 1.500000e+00, 1.000000e+00, 5.000000e-01, 4.000000e+00, 4.000000e+00, 3.000000e+00
1.028000e+00, 2.707095e-02, 6.360207e-01, -6.089497e-01, 2.707095e-02, 1.500000e+00, 1.000000e+00, 5.000000e-01, 4.000000e+00, 4.000000e+00, 3.000000e+00
1.028500e+00, 2.860401e-02, 6.395336e-01, -6.109296e-01, 2.860401e-02, 1.500000e+00, 1.000000e+00, 5.000000e-01, 4.000000e+00, 4.000000e+00, 3.000000e+00
1.029000e+00, 2.806328e-02, 6.418256e-01, -6.137623e-01, 2.806328e-02, 1.500000e+00, 1.000000e+00, 5.000000e-01, 4.000000e+00, 4.000000e+00, 3.000000e+00
1.029500e+00, 2.821007e-02, 6.450190e-01, -6.168090e-01, 2.821007e-02, 1.500000e+00, 1.000000e+00, 5.000000e-01, 4.000000e+00, 4.000000e+00, 3.000000e+00
1.030000e+00, 3.150787e-02, 6.511583e-01, -6.196504e-01, 3.150787e-02, 1.500000e+00, 1.000000e+00, 5.000000e-01, 4.000000e+00, 4.000000e+00, 3.000000e+00
1.030500e+00, 3.113802e-02, 6.537561e-01, -6.226181e-01, 3.113802e-02, 1.500000e+00, 1.000000e+00, 5.000000e-01, 4.000000e+00, 4.000000e+00, 3.000000e+00
1.031000e+00, 3.304104e-02, 6.573711e-01, -6.243300e-01, 3.304104e-02, 1.500000e+00, 1.000000e+00, 5.000000e-01, 4.000000e+00, 4.000000e+00, 3.000000e+00
1.031500e+00, 3.204371e-02, 6.594582e-01, -6.274145e-01, 3.204371e-02, 1.500000e+00, 1.000000e+00, 5.000000e-01, 4.000000e+00, 4.000000e+00, 3.000000e+00
1.032000e+00, 3.287305e-02, 6.599256e-01, -6.270526e-01, 3.287305e-02, 1.500000e+00, 1.000000e+00, 5.000000e-01, 4.000000e+00, 4.000000e+00, 3.000000e+00
1.032500e+00, 3.168640e-02, 6.639732e-01, -6.322868e-01, 3.168640e-02, 1.500000e+00, 1.000000e+00, 5.000000e-01, 4.000000e+00, 4.000000e+00, 3.000000e+00
1.033000e+00, 2.152259e-02, 6.622324e-01, -6.407098e-01, 2.152259e-02, 1.500000e+00, 1.000000e+00, 5.000000e-01, 4.000000e+00, 4.000000e+00, 3.000000e+00
1.033500e+00, 2.074828e-02, 6.642774e-01, -6.435292e-01, 2.074828e-02, 1.500000e+00, 1.000000e+00, 5.000000e-01, 4.000000e+00, 4.000000e+00, 3.000000e+00
1.034000e+00, 1.940440e-02, 6.680479e-01, -6.486435e-01, 1.940440e-02, 1.500000e+00, 1.000000e+00, 5.000000e-01, 4.000000e+00, 4.000000e+00, 3.000000e+00
1.034500e+00, 2.856881e-02, 6.689153e-01, -6.403465e-01, 2.856881e-02, 1.500000e+00, 1.000000e+00, 5.000000e-01, 4.000000e+00, 4.000000e+00, 3.000000e+00
1.035000e+00, 1.697362e-02, 6.691331e-01, -6.521595e-01, 1.697362e-02, 1.500000e+00, 1.000000e+00, 5.000000e-01, 4.000000e+00, 4.000000e+00, 3.000000e+00
9.300000e-01, 1.326139e-02, 8.009403e-02, -6.683264e-02, 1.326139e-02, 1.500000e+00, 1.000000e+00, 5.000000e-01, 4.000000e+00, 4.000000e+00, 3.100000e+00
9.305000e-01, 1.265248e-02, 8.007569e-02, -6.742321e-02, 1.265248e-02, 1.500000e+00, 1.000000e+00, 5.000000e-01, 4.000000e+00, 4.000000e+00, 3.100000e+00
9.310000e-01, 1.249886e-02, 8.009431e-02, -6.759545e-02, 1.249886e-02, 1.500000e+00, 1.000000e+00, 5.000000e-01, 4.000000e+00, 4.000000e+00, 3.100000e+00
9.315000e-01, 1.302206e-02, 8.008435e-02, -6.706229e-02, 1.302206e-02, 1.500000e+00, 1.000000e+00, 5.000000e-01, 4.000000e+00, 4.000000e+00, 3.100000e+00
9.320000e-01, 1.274005e-02, 8.009461e-02, -6.735456e-02, 1.274005e-02, 1.500000e+00, 1.000000e+00, 5.000000e-01, 4.000000e+00, 4.000000e+00, 3.100000e+00
9.325000e-01, 1.415335e-02, 8.010144e-02, -6.594809e-02, 1.415335e-02, 1.500000e+00, 1.000000e+00, 5.000000e-01, 4.000000e+00, 4.000000e+00, 3.100000e+00
9.330000e-01, 1.360520e-02, 8.009734e-02, -6.649214e-02, 1.360520e-02, 1.500000e+00, 1.000000e+00, 5.000000e-01, 4.000000e+00, 4.000000e+00, 3.100000e+00
9.335000e-01, 1.376877e-02, 8.009287e-02, -6.632410e-02, 1.376877e-02, 1.500000e+00, 1.000000e+00, 5.000000e-01, 4.000000e+00, 4.000000e+00, 3.100000e+00
9.340000e-01, 1.382781e-02, 8.009074e-02, -6.626294e-02, 1.382781e-02, 1.500000e+00, 1.000000e+00, 5.000000e-01, 4.000000e+00, 4.000000e+00, 3.100000e+00
9.345000e-01, 1.430227e-02, 8.013462e-02, -6.583235e-02, 1.430227e-02, 1.500000e+00, 1.000000e+00, 5.000000e-01, 4.000000e+00, 4.000000e+00, 3.100000e+00
9.350000e-01, 1.288879e-02, 8.011414e-02, -6.722535e-02, 1.288879e-02, 1.500000e+00, 1.000000e+00, 5.000000e-01, 4.000000e+00, 4.000000e+00, 3.100000e+00
9.355000e-01, 1.375400e-02, 8.010730e-02, -6.635329e-02, 1.375400e-02, 1.500000e+00, 1.000000e+00, 5.000000e-01, 4.000000e+00, 4.000000e+00, 3.100000e+00
9.360000e-01, 1.241980e-02, 8.012509e-02, -6.770529e-02, 1.241980e-02, 1.500000e+00, 1.000000e+00, 5.000000e-01, 4.000000e+00, 4.000000e+00, 3.100000e+00
9.365000e-01, 1.371534e-02, 8.010793e-02, -6.639259e-02, 1.371534e-02, 1.500000e+00, 1.000000e+00, 5.000000e-01, 4.000000e+00, 4.000000e+00, 3.100000e+00
9.370000e-01, 1.256312e-02, 8.011369e-02, -6.755057e-02, 1.256312e-02, 1.500000e+00, 1.000000e+00, 5.000000e-01, 4.000000e+00, 4.000000e+00, 3.100000e+00
9.375000e-01, 1.487488e-02, 8.015244e-02, -6.527756e-02, 1.487488e-02, 1.500000e+00, 1.000000e+00, 5.000000e-01, 4.000000e+00, 4.000000e+00, 3.100000e+00
9.380000e-01, 1.390906e-02, 8.017120e-02, -6.626214e-02, 1.390906e-02, 1.500000e+00, 1.000000e+00, 5.000000e-01, 4.000000e+00, 4.000000e+00, 3.100000e+00
9.385000e-01, 1.290402e-02, 9.885729e-02, -8.595327e-02, 1.290402e-02, 1.500000e+00, 1.000000e+00, 5.000000e-01, 4.000000e+00, 4.000000e+00, 3.100000e+00
9.390000e-01, 1.382551e-02, 9.415608e-02, -8.033057e-02, 1.382551e-02, 1.500000e+00, 1.000000e+00, 5.000000e-01, 4.000000e+00, 4.000000e+00, 3.100000e+00
9.395000e-01, 1.392182e-02, 1.088629e-01, -9.494107e-02, 1.392182e-02, 1.500000e+00, 1.000000e+00, 5.000000e-01, 4.000000e+00, 4.000000e+00, 3.100000e+00
9.400000e-01, 1.427490e-02, 1.417637e-01, -1.274887e-01, 1.427490e-02, 1.500000e+00, 1.000000e+00, 5.000000e-01, 4.000000e+00, 4.000000e+00, 3.100000e+00
9.405000e-01, 1.286163e-02, 1.635612e-01, -1.506996e-01, 1.286163e-02, 1.500000e+00, 1.000000e+00, 5.000000e-01, 4.000000e+00, 4.000000e+00, 3.100000e+00
9.410000e-01, -1.179488e-02, 1.852975e-01, -1.970924e-01, -1.179488e-02, 1.500000e+00, 1.000000e+00, 5.000000e-01, 4.000000e+00, 4.000000e+00, 3.100000e+00
9.415000e-01, -3.563268e-02, 2.168974e-01, -2.525301e-01, -3.563268e-02, 1.500000e+00, 1.000000e+00, 5.000000e-01, 4.000000e+00, 4.000000e+00, 3.100000e+00
9.420000e-01, -8.521972e-02, 1.794838e-01, -2.647035e-01, -8.521972e-02, 1.500000e+00, 1.000000e+00, 5.000000e-01, 4.000000e+00, 4.000000e+00, 3.100000e+00
9.425000e-01, -1.105379e-01, 1.587589e-01, -2.692968e-01, -1.105379e-01, 1.500000e+00, 1.000000e+00, 5.000000e-01, 4.000000e+00, 4.000000e+00, 3.100000e+00
9.430000e-01, -1.345205e-01, 1.400157e-01, -2.745363e-01, -1.345205e-01, 1.500000e+00, 1.000000e+00, 5.000000e-01, 4.000000e+00, 4.000000e+00, 3.100000e+00
9.435000e-01, -1.346959e-01, 1.464646e-01, -2.811605e-01, -1.346959e-01, 1.500000e+00, 1.000000e+00, 5.000000e-01, 4.000000e+00, 4.000000e+00, 3.100000e+00
9.440000e-01, -2.086830e-01, 7.918470e-02, -2.878677e-01, -2.086830e-01, 1.500000e+00, 1.000000e+00, 5.000000e-01, 4.000000e+00, 4.000000e+00, 3.100000e+00
9.445000e-01, -2.090585e-01, 8.036222e-02, -2.894208e-01, -2.090585e-01, 1.500000e+00, 1.000000e+00, 5.000000e-01, 4.000000e+00, 4.000000e+00, 3.100000e+00
9.450000e-01, -2.092257e-01, 8.047199e-02, -2.896977e-01, -2.092257e-01, 1.500000e+00, 1.000000e+00, 5.000000e-01, 4.000000e+00, 4.000000e+00, 3.100000e+00
9.455000e-01, -2.088719e-01, 8.066446e-02, -2.895363e-01, -2.088719e-01, 1.500000e+00, 1.000000e+00, 5.000000e-01, 4.000000e+00, 4.000000e+00, 3.100000e+00
9.460000e-01, -2.086556e-01, 8.090188e-02, -2.895575e-01, -2.086556e-01, 1.500000e+00, 1.000000e+00, 5.000000e-01, 4.000000e+00, 4.000000e+00, 3.100000e+00
9.465000e-01, -2.082832e-01, 8.101412e-02, -2.892973e-01, -2.082832e-01, 1.500000e+00, 1.000000e+00, 5.000000e-01, 4.000000e+00, 4.000000e+00, 3.100000e+00
9.470000e-01, -2.085070e-01, 8.139489e-02, -2.899019e-01, -2.085070e-01, 1.500000e+00, 1.000000e+00, 5.000000e-01, 4.000000e+00, 4.000000e+00, 3.100000e+00
9.475000e-01, -2.090734e-01, 8.135220e-02, -2.904256e-01, -2.090734e-01, 1.500000e+00, 1.000000e+00, 5.000000e-01, 4.000000e+00, 4.000000e+00, 3.100000e+00
9.480000e-01, -2.092551e-01, 8.190704e-02, -2.911621e-01, -2.092551e-01, 1.500000e+00, 1.000000e+00, 5.000000e-01, 4.000000e+00, 4.000000e+00, 3.100000e+00
9.485000e-01, -2.076765e-01, 8.225063e-02, -2.899271e-01, -2.076765e-01, 1.500000e+00, 1.000000e+00, 5.000000e-01, 4.000000e+00, 4.000000e+00, 3.100000e+00
9.490000e-01, -2.088624e-01, 8.348487e-02, -2.923473e-01, -2.088624e-01, 1.500000e+00, 1.000000e+00, 5.000000e-01, 4.000000e+00, 4.000000e+00, 3.100000e+00
9.495000e-01, -2.088300e-01, 8.499733e-02, -2.938273e-01, -2.088300e-01, 1.500000e+00, 1.000000e+00, 5.000000e-01, 4.000000e+00, 4.000000e+00, 3.100000e+00
9.500000e-01, -2.092791e-01, 8.666043e-02, -2.959395e-01, -2.092791e-01, 1.500000e+00, 1.000000e+00, 5.000000e-01, 4.000000e+00, 4.000000e+00, 3.100000e+00
9.505000e-01, -2.081093e-01, 9.048237e-02, -2.985917e-01, -2.081093e-01, 1.500000e+00, 1.000000e+00, 5.000000e-01, 4.000000e+00, 4.000000e+00, 3.100000e+00
9.510000e-01, -2.091419e-01, 9.027668e-02, -2.994186e-01, -2.091419e-01, 1.500000e+00, 1.000000e+00, 5.000000e-01, 4.000000e+00, 4.000000e+00, 3.100000e+00
9.515000e-01, -2.085915e-01, 9.580678e-02, -3.043982e-01, -2.085915e-01, 1.500000e+00, 1.000000e+00, 5.000000e-01, 4.000000e+00, 4.000000e+00, 3.100000e+00
9.520000e-01, -2.088692e-01, 9.791636e-02, -3.067856e-01, -2.088692e-01, 1.500000e+00, 1.000000e+00, 5.000000e-01, 4.000000e+00, 4.000000e+00, 3.100000e+00
9.525000e-01, -2.091945e-01, 9.859736e-02, -3.077918e-01, -2.091945e-01, 1.500000e+00, 1.000000e+00, 5.000000e-01, 4.000000e+00, 4.000000e+00, 3.100000e+00
9.530000e-01, -2.084142e-01, 1.043930e-01, -3.128071e-01, -2.084142e-01, 1.500000e+00, 1.000000e+00, 5.000000e-01, 4.000000e+00, 4.000000e+00, 3.100000e+00
9.535000e-01, -2.086150e-01, 1.066478e-01, -3.152628e-01, -2.086150e-01, 1.500000e+00, 1.000000e+00, 5.000000e-01, 4.000000e+00, 4.000000e+00, 3.100000e+00
9.540000e-01, -2.089626e-01, 1.104980e-01, -3.194606e-01, -2.089626e-01, 1.500000e+00, 1.000000e+00, 5.000000e-01, 4.000000e+00, 4.000000e+00, 3.100000e+00
9.545000e-01, -2.081095e-01, 1.143268e-01, -3.224363e-01, -2.081095e-01, 1.500000e+00, 1.000000e+00, 5.000000e-01, 4.000000e+00, 4.000000e+00, 3.100000e+00
9.550000e-01, -2.090594e-01, 1.179619e-01, -3.270213e-01, -2.090594e-01, 1.500000e+00, 1.000000e+00, 5.000000e-01, 4.000000e+00, 4.000000e+00, 3.100000e+00
9.555000e-01, -2.073262e-01, 1.251245e-01, -3.324507e-01, -2.073262e-01, 1.500000e+00, 1.000000e+00, 5.000000e-01, 4.000000e+00, 4.000000e+00, 3.100000e+00
9.560000e-01, -2.087811e-01, 1.260092e-01, -3.347903e-01, -2.087811e-01, 1.500000e+00, 1.000000e+00, 5.000000e-01, 4.000000e+00, 4.000000e+00, 3.100000e+00
9.565000e-01, -2.076926e-01, 1.317853e-01, -3.394780e-01, -2.076926e-01, 1.500000e+00, 1.000000e+00, 5.000000e-01, 4.000000e+00, 4.000000e+00, 3.100000e+00
9.570000e-01, -2.095026e-01, 1.351858e-01, -3.446884e-01, -2.095026e-01, 1.500000e+00, 1.000000e+00, 5.000000e-01, 4.000000e+00, 4.000000e+00, 3.100000e+00
9.575000e-01, -2.090619e-01, 1.351631e-01, -3.442250e-01, -2.090619e-01, 1.500000e+00, 1.000000e+00, 5.000000e-01, 4.000000e+00, 4.000000e+00, 3.100000e+00
9.580000e-01, -2.086137e-01, 1.436970e-01, -3.523107e-01, -2.086137e-01, 1.500000e+00, 1.000000e+00, 5.000000e-01, 4.000000e+00, 4.000000e+00, 3.100000e+00
9.585000e-01, -2.094926e-01, 1.413613e-01, -3.508539e-01, -2.094926e-01, 1.500000e+00, 1.000000e+00, 5.000000e-01, 4.000000e+00, 4.000000e+00, 3.100000e+00
9.590000e-01, -2.075876e-01, 1.451863e-01, -3.527739e-01, -2.075876e-01, 1.500000e+00, 1.000000e+00, 5.000000e-01, 4.000000e+00, 4.000000e+00, 3.100000e+00
9.595000e-01, -2.085494e-01, 1.461009e-01, -3.546503e-01, -2.085494e-01, 1.500000e+00, 1.000000e+00, 5.000000e-01, 4.000000e+00, 4.000000e+00, 3.100000e+00
9.600000e-01, -2.095324e-01, 1.501075e-01, -3.596400e-01, -2.095324e-01, 1.500000e+00, 1.000000e+00, 5.000000e-01, 4.000000e+00, 4.000000e+00, 3.100000e+00
9.605000e-01, -2.090467e-01, 1.544782e-01, -3.635249e-01, -2.090467e-01, 1.500000e+00, 1.000000e+00, 5.000000e-01, 4.000000e+00, 4.000000e+00, 3.100000e+00
9.610000e-01, -2.094429e-01, 1.541151e-01, -3.635579e-01, -2.094429e-01, 1.500000e+00, 1.000000e+00, 5.000000e-01, 4.000000e+00, 4.000000e+00, 3.100000e+00
9.615000e-01, -2.089404e-01, 1.582153e-01, -3.671557e-01, -2.089404e-01, 1.500000e+00, 1.000000e+00, 5.000000e-01, 4.000000e+00, 4.000000e+00, 3.100000e+00
9.620000e-01, -2.081368e-01, 1.633974e-01, -3.715343e-01, -2.081368e-01, 1.500000e+00, 1.000000e+00, 5.000000e-01, 4.000000e+00, 4.000000e+00, 3.100000e+00
9.625000e-01, -2.089149e-01, 1.616934e-01, -3.706083e-01, -2.089149e-01, 1.500000e+00, 1.000000e+00, 5.000000e-01, 4.000000e+00, 4.000000e+00, 3.100000e+00
9.630000e-01, -2.083722e-01, 1.654774e-01, -3.738496e-01, -2.083722e-01, 1.500000e+00, 1.000000e+00, 5.000000e-01, 4.000000e+00, 4.000000e+00, 3.100000e+00
9.635000e-01, -2.081848e-01, 1.679031e-01, -3.760879e-01, -2.081848e-01, 1.500000e+00, 1.000000e+00, 5.000000e-01, 4.000000e+00, 4.000000e+00, 3.100000e+00
9.640000e-01, -2.087551e-01, 1.707470e-01, -3.795021e-01, -2.087551e-01, 1.500000e+00, 1.000000e+00, 5.000000e-01, 4.000000e+00, 4.000000e+00, 3.100000e+00
9.645000e-01, -2.095476e-01, 1.710052e-01, -3.805528e-01, -2.095476e-01, 1.500000e+00, 1.000000e+00, 5.000000e-01, 4.000000e+00, 4.000000e+00, 3.100000e+00
9.650000e-01, -2.084723e-01, 1.751052e-01, -3.835776e-01, -2.084723e-01, 1.500000e+00, 1.000000e+00, 5.000000e-01, 4.000000e+00, 4.000000e+00, 3.100000e+00
9.655000e-01, -2.088033e-01, 1.787163e-01, -3.875196e-01, -2.088033e-01, 1.500000e+00, 1.000000e+00, 5.000000e-01, 4.000000e+00, 4.000000e+00, 3.100000e+00
9.660000e-01, -2.081597e-01, 1.793153e-01, -3.874750e-01, -2.081597e-01, 1.500000e+00, 1.000000e+00, 5.000000e-01, 4.000000e+00, 4.000000e+00, 3.100000e+00
9.665000e-01, -2.087068e-01, 1.839184e-01, -3.926252e-01, -2.087068e-01, 1.500000e+00, 1.000000e+00, 5.000000e-01, 4.000000e+00, 4.000000e+00, 3.100000e+00
9.670000e-01, -2.085203e-01, 1.846412e-01, -3.931615e-01, -2.085203e-01, 1.500000e+00, 1.000000e+00, 5.000000e-01, 4.000000e+00, 4.000000e+00, 3.100000e+00
9.675000e-01, -2.081101e-01, 1.854162e-01, -3.935263e-01, -2.081101e-01, 1.500000e+00, 1.000000e+00, 5.000000e-01, 4.000000e+00, 4.000000e+00, 3.100000e+00
9.680000e-01, -2.089400e-01, 1.864778e-01, -3.954178e-01, -2.089400e-01, 1.500000e+00, 1.000000e+00, 5.000000e-01, 4.000000e+00, 4.000000e+00, 3.100000e+00
9.685000e-01, -2.086930e-01, 1.891703e-01, -3.978633e-01, -2.086930e-01, 1.500000e+00, 1.000000e+00, 5.000000e-01, 4.000000e+00, 4.000000e+00, 3.100000e+00
9.690000e-01, -2.086364e-01, 1.900573e-01, -3.986937e-01, -2.086364e-01, 1.500000e+00, 1.000000e+00, 5.000000e-01, 4.000000e+00, 4.000000e+00, 3.100000e+00
9.695000e-01, -2.079780e-01, 1.937042e-01, -4.016822e-01, -2.079780e-01, 1.500000e+00, 1.000000e+00, 5.000000e-01, 4.000000e+00, 4.000000e+00, 3.100000e+00
9.700000e-01, -2.083312e-01, 1.959224e-01, -4.042536e-01, -2.083312e-01, 1.500000e+00, 1.000000e+00, 5.000000e-01, 4.000000e+00, 4.000000e+00, 3.100000e+00
9.705000e-01, -2.099603e-01, 1.950187e-01, -4.049789e-01, -2.099603e-01, 1.500000e+00, 1.000000e+00, 5.000000e-01, 4.000000e+00, 4.000000e+00, 3.100000e+00
9.710000e-01, -2.086135e-01, 2.000693e-01, -4.086828e-01, -2.086135e-01, 1.500000e+00, 1.000000e+00, 5.000000e-01, 4.000000e+00, 4.000000e+00, 3.100000e+00
9.715000e-01, -2.095203e-01, 1.998209e-01, -4.093413e-01, -2.095203e-01, 1.500000e+00, 1.000000e+00, 5.000000e-01, 4.000000e+00, 4.000000e+00, 3.100000e+00
9.720000e-01, -2.082693e-01, 2.020602e-01, -4.103296e-01, -2.082693e-01, 1.500000e+00, 1.000000e+00, 5.000000e-01, 4.000000e+00, 4.000000e+00, 3.100000e+00
9.725000e-01, -2.091584e-01, 2.013538e-01, -4.105122e-01, -2.091584e-01, 1.500000e+00, 1.000000e+00, 5.000000e-01, 4.000000e+00, 4.000000e+00, 3.100000e+00
9.730000e-01, -2.101618e-01, 2.056203e-01, -4.157821e-01, -2.101618e-01, 1.500000e+00, 1.000000e+00, 5.000000e-01, 4.000000e+00, 4.000000e+00, 3.100000e+00
9.735000e-01, -2.095164e-01, 2.080665e-01, -4.175829e-01, -2.095164e-01, 1.500000e+00, 1.000000e+00, 5.000000e-01, 4.000000e+00, 4.000000e+00, 3.100000e+00
9.740000e-01, -2.087065e-01, 2.095511e-01, -4.182576e-01, -2.087065e-01, 1.500000e+00, 1.000000e+00, 5.000000e-01, 4.000000e+00, 4.000000e+00, 3.100000e+00
9.745000e-01, -2.077687e-01, 2.123272e-01, -4.200959e-01, -2.077687e-01, 1.500000e+00, 1.000000e+00, 5.000000e-01, 4.000000e+00, 4.000000e+00, 3.100000e+00
9.750000e-01, -2.082649e-01, 2.139002e-01, -4.221651e-01, -2.082649e-01, 1.500000e+00, 1.000000e+00, 5.000000e-01, 4.000000e+00, 4.000000e+00, 3.100000e+00
9.755000e-01, -2.081806e-01, 2.162212e-01, -4.244018e-01, -2.081806e-01, 1.500000e+00, 1.000000e+00, 5.000000e-01, 4.000000e+00, 4.000000e+00, 3.100000e+00
9.760000e-01, -2.086948e-01, 2.167470e-01, -4.254417e-01, -2.086948e-01, 1.500000e+00, 1.000000e+00, 5.000000e-01, 4.000000e+00, 4.000000e+00, 3.100000e+00
9.765000e-01, -2.087648e-01, 2.191314e-01, -4.278962e-01, -2.087648e-01, 1.500000e+00, 1.000000e+00, 5.000000e-01, 4.000000e+00, 4.000000e+00, 3.100000e+00
9.770000e-01, -2.092603e-01, 2.186405e-01, -4.279008e-01, -2.092603e-01, 1.500000e+00, 1.000000e+00, 5.000000e-01, 4.000000e+00, 4.000000e+00, 3.100000e+00
9.775000e-01, -2.071887e-01, 2.236646e-01, -4.308533e-01, -2.071887e-01, 1.500000e+00, 1.000000e+00, 5.000000e-01, 4.000000e+00, 4.000000e+00, 3.100000e+00
9.780000e-01, -2.100363e-01, 2.210005e-01, -4.310368e-01, -2.100363e-01, 1.500000e+00, 1.000000e+00, 5.000000e-01, 4.000000e+00, 4.000000e+00, 3.100000e+00
9.785000e-01, -2.088039e-01, 2.240824e-01, -4.328863e-01, -2.088039e-01, 1.500000e+00, 1.000000e+00, 5.000000e-01, 4.000000e+00, 4.000000e+00, 3.100000e+00
9.790000e-01, -2.083277e-01, 2.264268e-01, -4.347545e-01, -2.083277e-01, 1.500000e+00, 1.000000e+00, 5.000000e-01, 4.000000e+00, 4.000000e+00, 3.100000e+00
9.795000e-01, -2.083405e-01, 2.267126e-01, -4.350531e-01, -2.083405e-01, 1.500000e+00, 1.000000e+00, 5.000000e-01, 4.000000e+00, 4.000000e+00, 3.100000e+00
9.800000e-01, -2.083871e-01, 2.282799e-01, -4.366670e-01, -2.083871e-01, 1.500000e+00, 1.000000e+00, 5.000000e-01, 4.000000e+00, 4.000000e+00, 3.100000e+00
9.805000e-01, -2.088192e-01, 2.298047e-01, -4.386239e-01, -2.088192e-01, 1.500000e+00, 1.000000e+00, 5.000000e-01, 4.000000e+00, 4.000000e+00, 3.100000e+00
9.810000e-01, -2.086726e-01, 2.312551e-01, -4.399278e-01, -2.086726e-01, 1.500000e+00, 1.000000e+00, 5.000000e-01, 4.000000e+00, 4.000000e+00, 3.100000e+00
9.815000e-01, -2.093406e-01, 2.298625e-01, -4.392031e-01, -2.093406e-01, 1.500000e+00, 1.000000e+00, 5.000000e-01, 4.000000e+00, 4.000000e+00, 3.100000e+00
9.820000e-01, -2.087814e-01, 2.336615e-01, -4.424428e-01, -2.087814e-01, 1.500000e+00, 1.000000e+00, 5.000000e-01, 4.000000e+00, 4.000000e+00, 3.100000e+00
9.825000e-01, -2.089967e-01, 2.380017e-01, -4.469984e-01, -2.089967e-01, 1.500000e+00, 1.000000e+00, 5.000000e-01, 4.000000e+00, 4.000000e+00, 3.100000e+00
9.830000e-01, -2.095295e-01, 2.373656e-01, -4.468951e-01, -2.095295e-01, 1.500000e+00, 1.000000e+00, 5.000000e-01, 4.000000e+00, 4.000000e+00, 3.100000e+00
9.835000e-01, -2.085479e-01, 2.390809e-01, -4.476288e-01, -2.085479e-01, 1.500000e+00, 1.000000e+00, 5.000000e-01, 4.000000e+00, 4.000000e+00, 3.100000e+00
9.840000e-01, -2.087373e-01, 2.410046e-01, -4.497420e-01, -2.087373e-01, 1.500000e+00, 1.000000e+00, 5.000000e-01, 4.000000e+00, 4.000000e+00, 3.100000e+00
9.845000e-01, -2.564578e-01, 1.984397e-01, -4.548975e-01, -2.564578e-01, 1.500000e+00, 1.000000e+00, 5.000000e-01, 4.000000e+00, 4.000000e+00, 3.100000e+00
9.850000e-01, -2.569760e-01, 1.980779e-01, -4.550539e-01, -2.569760e-01, 1.500000e+00, 1.000000e+00, 5.000000e-01, 4.000000e+00, 4.000000e+00, 3.100000e+00
9.855000e-01, -2.341100e-01, 2.225021e-01, -4.566121e-01, -2.341100e-01, 1.500000e+00, 1.000000e+00, 5.000000e-01, 4.000000e+00, 4.000000e+00, 3.100000e+00
9.860000e-01, -2.339688e-01, 2.226037e-01, -4.565724e-01, -2.339688e-01, 1.500000e+00, 1.000000e+00, 5.000000e-01, 4.000000e+00, 4.000000e+00, 3.100000e+00
9.865000e-01, -2.576488e-01, 2.019920e-01, -4.596408e-01, -2.576488e-01, 1.500000e+00, 1.000000e+00, 5.000000e-01, 4.000000e+00, 4.000000e+00, 3.100000e+00
9.870000e-01, -2.579057e-01, 2.019469e-01, -4.598526e-01, -2.579057e-01, 1.500000e+00, 1.000000e+00, 5.000000e-01, 4.000000e+00, 4.000000e+00, 3.100000e+00
9.875000e-01, -2.826120e-01, 1.792053e-01, -4.618173e-01, -2.826120e-01, 1.500000e+00, 1.000000e+00, 5.000000e-01, 4.000000e+00, 4.000000e+00, 3.100000e+00
9.880000e-01, -2.824856e-01, 1.824515e-01, -4.649371e-01, -2.824856e-01, 1.500000e+00, 1.000000e+00, 5.000000e-01, 4.000000e+00, 4.000000e+00, 3.100000e+00
9.885000e-01, -2.831457e-01, 1.838531e-01, -4.669989e-01, -2.831457e-01, 1.500000e+00, 1.000000e+00, 5.000000e-01, 4.000000e+00, 4.000000e+00, 3.100000e+00
9.890000e-01, -2.829283e-01, 1.848523e-01, -4.677805e-01, -2.829283e-01, 1.500000e+00, 1.000000e+00, 5.000000e-01, 4.000000e+00, 4.000000e+00, 3.100000e+00
9.895000e-01, -2.826046e-01, 1.863669e-01, -4.689715e-01, -2.826046e-01, 1.500000e+00, 1.000000e+00, 5.000000e-01, 4.000000e+00, 4.000000e+00, 3.100000e+00
9.900000e-01, -2.823267e-01, 1.886006e-01, -4.709273e-01, -2.823267e-01, 1.500000e+00, 1.000000e+00, 5.000000e-01, 4.000000e+00, 4.000000e+00, 3.100000e+00
9.905000e-01, -2.822612e-01, 1.887178e-01, -4.709790e-01, -2.822612e-01, 1.500000e+00, 1.000000e+00, 5.000000e-01, 4.000000e+00, 4.000000e+00, 3.100000e+00
9.910000e-01, -2.823362e-01, 1.911262e-01, -4.734624e-01, -2.823362e-01, 1.500000e+00, 1.000000e+00, 5.000000e-01, 4.000000e+00, 4.000000e+00, 3.100000e+00
9.915000e-01, -2.818661e-01, 1.920296e-01, -4.738957e-01, -2.818661e-01, 1.500000e+00, 1.000000e+00, 5.000000e-01, 4.000000e+00, 4.000000e+00, 3.100000e+00
9.920000e-01, -2.793155e-01, 1.959856e-01, -4.753011e-01, -2.793155e-01, 1.500000e+00, 1.000000e+00, 5.000000e-01, 4.000000e+00, 4.000000e+00, 3.100000e+00
9.925000e-01, -2.822876e-01, 1.929114e-01, -4.751990e-01, -2.822876e-01, 1.500000e+00, 1.000000e+00, 5.000000e-01, 4.000000e+00, 4.000000e+00, 3.100000e+00
9.930000e-01, -2.577421e-01, 2.164698e-01, -4.742119e-01, -2.577421e-01, 1.500000e+00, 1.000000e+00, 5.000000e-01, 4.000000e+00, 4.000000e+00, 3.100000e+00
9.935000e-01, -2.199974e-01, 2.623328e-01, -4.823301e-01, -2.199974e-01, 1.500000e+00, 1.000000e+00, 5.000000e-01, 4.000000e+00, 4.000000e+00, 3.100000e+00
9.940000e-01, -2.074681e-01, 2.737654e-01, -4.812335e-01, -2.074681e-01, 1.500000e+00, 1.000000e+00, 5.000000e-01, 4.000000e+00, 4.000000e+00, 3.100000e+00
9.945000e-01, -2.025447e-01, 2.844163e-01, -4.869610e-01, -2.025447e-01, 1.500000e+00, 1.000000e+00, 5.000000e-01, 4.000000e+00, 4.000000e+00, 3.100000e+00
9.950000e-01, -1.958240e-01, 2.913206e-01, -4.871446e-01, -1.958240e-01, 1.500000e+00, 1.000000e+00, 5.000000e-01, 4.000000e+00, 4.000000e+00, 3.100000e+00
9.955000e-01, -2.069093e-01, 2.853005e-01, -4.922098e-01, -2.069093e-01, 1.500000e+00, 1.000000e+00, 5.000000e-01, 4.000000e+00, 4.000000e+00, 3.100000e+00
9.960000e-01, -2.079773e-01, 2.849128e-01, -4.928901e-01, -2.079773e-01, 1.500000e+00, 1.000000e+00, 5.000000e-01, 4.000000e+00, 4.000000e+00, 3.100000e+00
9.965000e-01, -2.083087e-01, 2.880060e-01, -4.963148e-01, -2.083087e-01, 1.500000e+00, 1.000000e+00, 5.000000e-01, 4.000000e+00, 4.000000e+00, 3.100000e+00
9.970000e-01, -2.082339e-01, 2.902862e-01, -4.985201e-01, -2.082339e-01, 1.500000e+00, 1.000000e+00, 5.000000e-01, 4.000000e+00, 4.000000e+00, 3.100000e+00
9.975000e-01, -2.074732e-01, 2.908739e-01, -4.983472e-01, -2.074732e-01, 1.500000e+00, 1.000000e+00, 5.000000e-01, 4.000000e+00, 4.000000e+00, 3.100000e+00
9.980000e-01, -2.072826e-01, 2.931376e-01, -5.004202e-01, -2.072826e-01, 1.500000e+00, 1.000000e+00, 5.000000e-01, 4.000000e+00, 4.000000e+00, 3.100000e+00
9.985000e-01, -2.077796e-01, 2.940084e-01, -5.017881e-01, -2.077796e-01, 1.500000e+00, 1.000000e+00, 5.000000e-01, 4.000000e+00, 4.000000e+00, 3.100000e+00
9.990000e-01, -2.070669e-01, 2.961750e-01, -5.032418e-01, -2.070669e-01, 1.500000e+00, 1.000000e+00, 5.000000e-01, 4.000000e+00, 4.000000e+00, 3.100000e+00
9.995000e-01, -2.070941e-01, 2.999449e-01, -5.070390e-01, -2.070941e-01, 1.500000e+00, 1.000000e+00, 5.000000e-01, 4.000000e+00, 4.000000e+00, 3.100000e+00
1.000000e+00, -2.073536e-01, 3.014160e-01, -5.087696e-01, -2.073536e-01, 1.500000e+00, 1.000000e+00, 5.000000e-01, 4.000000e+00, 4.000000e+00, 3.100000e+00
1.000500e+00, -2.068830e-01, 3.036343e-01, -5.105173e-01, -2.068830e-01, 1.500000e+00, 1.000000e+00, 5.000000e-01, 4.000000e+00, 4.000000e+00, 3.100000e+00
1.001000e+00, -2.073900e-01, 3.046349e-01, -5.120249e-01, -2.073900e-01, 1.500000e+00, 1.000000e+00, 5.000000e-01, 4.000000e+00, 4.000000e+00, 3.100000e+00
1.001500e+00, -2.059031e-01, 3.074428e-01, -5.133458e-01, -2.059031e-01, 1.500000e+00, 1.000000e+00, 5.000000e-01, 4.000000e+00, 4.000000e+00, 3.100000e+00
1.002000e+00, -2.030395e-01, 3.123776e-01, -5.154171e-01, -2.030395e-01, 1.500000e+00, 1.000000e+00, 5.000000e-01, 4.000000e+00, 4.000000e+00, 3.100000e+00
1.002500e+00, -1.788507e-01, 3.346180e-01, -5.134687e-01, -1.788507e-01, 1.500000e+00, 1.000000e+00, 5.000000e-01, 4.000000e+00, 4.000000e+00, 3.100000e+00
1.003000e+00, -1.322609e-01, 3.734509e-01, -5.057118e-01, -1.322609e-01, 1.500000e+00, 1.000000e+00, 5.000000e-01, 4.000000e+00, 4.000000e+00, 3.100000e+00
1.003500e+00, -1.494190e-01, 3.586245e-01, -5.080435e-01, -1.494190e-01, 1.500000e+00, 1.000000e+00, 5.000000e-01, 4.000000e+00, 4.000000e+00, 3.100000e+00
1.004000e+00, -1.469645e-01, 3.610038e-01, -5.079683e-01, -1.469645e-01, 1.500000e+00, 1.000000e+00, 5.000000e-01, 4.000000e+00, 4.000000e+00, 3.100000e+00
1.004500e+00, -1.341349e-01, 3.821203e-01, -5.162552e-01, -1.341349e-01, 1.500000e+00, 1.000000e+00, 5.000000e-01, 4.000000e+00, 4.000000e+00, 3.100000e+00
1.005000e+00, -1.201379e-01, 3.907061e-01, -5.108440e-01, -1.201379e-01, 1.500000e+00, 1.000000e+00, 5.000000e-01, 4.000000e+00, 4.000000e+00, 3.100000e+00
1.005500e+00, -1.162711e-01, 3.970233e-01, -5.132943e-01, -1.162711e-01, 1.500000e+00, 1.000000e+00, 5.000000e-01, 4.000000e+00, 4.000000e+00, 3.100000e+00
1.006000e+00, -1.222658e-01, 3.931812e-01, -5.154470e-01, -1.222658e-01, 1.500000e+00, 1.000000e+00, 5.000000e-01, 4.000000e+00, 4.000000e+00, 3.100000e+00
1.006500e+00, -1.141821e-01, 4.030510e-01, -5.172331e-01, -1.141821e-01, 1.500000e+00, 1.000000e+00, 5.000000e-01, 4.000000e+00, 4.000000e+00, 3.100000e+00
1.007000e+00, -1.121483e-01, 4.049078e-01, -5.170561e-01, -1.121483e-01, 1.500000e+00, 1.000000e+00, 5.000000e-01, 4.000000e+00, 4.000000e+00, 3.100000e+00
1.007500e+00, -1.093455e-01, 4.088285e-01, -5.181740e-01, -1.093455e-01, 1.500000e+00, 1.000000e+00, 5.000000e-01, 4.000000e+00, 4.000000e+00, 3.100000e+00
1.008000e+00, -1.097785e-01, 4.122332e-01, -5.220116e-01, -1.097785e-01, 1.500000e+00, 1.000000e+00, 5.000000e-01, 4.000000e+00, 4.000000e+00, 3.100000e+00
1.008500e+00, -1.065955e-01, 4.149645e-01, -5.215600e-01, -1.065955e-01, 1.500000e+00, 1.000000e+00, 5.000000e-01, 4.000000e+00, 4.000000e+00, 3.100000e+00
1.009000e+00, -1.027104e-01, 4.241360e-01, -5.268464e-01, -1.027104e-01, 1.500000e+00, 1.000000e+00, 5.000000e-01, 4.000000e+00, 4.000000e+00, 3.100000e+00
1.009500e+00, -9.418462e-02, 4.366887e-01, -5.308733e-01, -9.418462e-02, 1.500000e+00, 1.000000e+00, 5.000000e-01, 4.000000e+00, 4.000000e+00, 3.100000e+00
1.010000e+00, -6.755026e-02, 4.613235e-01, -5.288738e-01, -6.755026e-02, 1.500000e+00, 1.000000e+00, 5.000000e-01, 4.000000e+00, 4.000000e+00, 3.100000e+00
1.010500e+00, -2.595094e-02, 4.841982e-01, -5.101491e-01, -2.595094e-02, 1.500000e+00, 1.000000e+00, 5.000000e-01, 4.000000e+00, 4.000000e+00, 3.100000e+00
1.011000e+00, -2.436102e-02, 4.980224e-01, -5.223834e-01, -2.436102e-02, 1.500000e+00, 1.000000e+00, 5.000000e-01, 4.000000e+00, 4.000000e+00, 3.100000e+00
1.011500e+00, -2.233521e-02, 5.093486e-01, -5.316838e-01, -2.233521e-02, 1.500000e+00, 1.000000e+00, 5.000000e-01, 4.000000e+00, 4.000000e+00, 3.100000e+00
1.012000e+00, 2.566522e-03, 5.213139e-01, -5.187474e-01, 2.566522e-03, 1.500000e+00, 1.000000e+00, 5.000000e-01, 4.000000e+00, 4.000000e+00, 3.100000e+00
1.012500e+00, 8.617688e-03, 5.354534e-01, -5.268357e-01, 8.617688e-03, 1.500000e+00, 1.000000e+00, 5.000000e-01, 4.000000e+00, 4.000000e+00, 3.100000e+00
1.013000e+00, 1.316954e-02, 5.397879e-01, -5.266183e-01, 1.316954e-02, 1.500000e+00, 1.000000e+00, 5.000000e-01, 4.000000e+00, 4.000000e+00, 3.100000e+00
1.013500e+00, 1.195828e-02, 5.434824e-01, -5.315241e-01, 1.195828e-02, 1.500000e+00, 1.000000e+00, 5.000000e-01, 4.000000e+00, 4.000000e+00, 3.100000e+00
1.014000e+00, 1.336476e-02, 5.476449e-01, -5.342801e-01, 1.336476e-02, 1.500000e+00, 1.000000e+00, 5.000000e-01, 4.000000e+00, 4.000000e+00, 3.100000e+00
1.014500e+00, 1.388112e-02, 5.502004e-01, -5.363193e-01, 1.388112e-02, 1.500000e+00, 1.000000e+00, 5.000000e-01, 4.000000e+00, 4.000000e+00, 3.100000e+00
1.015000e+00, 1.324249e-02, 5.538762e-01, -5.406337e-01, 1.324249e-02, 1.500000e+00, 1.000000e+00, 5.000000e-01, 4.000000e+00, 4.000000e+00, 3.100000e+00
1.015500e+00, 1.492908e-02, 5.572054e-01, -5.422763e-01, 1.492908e-02, 1.500000e+00, 1.000000e+00, 5.000000e-01, 4.000000e+00, 4.000000e+00, 3.100000e+00
1.016000e+00, 1.352331e-02, 5.592599e-01, -5.457366e-01, 1.352331e-02, 1.500000e+00, 1.000000e+00, 5.000000e-01, 4.000000e+00, 4.000000e+00, 3.100000e+00
1.016500e+00, 1.328255e-02, 5.600938e-01, -5.468113e-01, 1.328255e-02, 1.500000e+00, 1.000000e+00, 5.000000e-01, 4.000000e+00, 4.000000e+00, 3.100000e+00
1.017000e+00, 1.416924e-02, 5.628303e-01, -5.486610e-01, 1.416924e-02, 1.500000e+00, 1.000000e+00, 5.000000e-01, 4.000000e+00, 4.000000e+00, 3.100000e+00
1.017500e+00, 1.350496e-02, 5.649508e-01, -5.514459e-01, 1.350496e-02, 1.500000e+00, 1.000000e+00, 5.000000e-01, 4.000000e+00, 4.000000e+00, 3.100000e+00
1.018000e+00, 1.513734e-02, 5.676643e-01, -5.525270e-01, 1.513734e-02, 1.500000e+00, 1.000000e+00, 5.000000e-01, 4.000000e+00, 4.000000e+00, 3.100000e+00
1.018500e+00, 1.439598e-02, 5.713424e-01, -5.569464e-01, 1.439598e-02, 1.500000e+00, 1.000000e+00, 5.000000e-01, 4.000000e+00, 4.000000e+00, 3.100000e+00
1.019000e+00, 1.403851e-02, 5.738534e-01, -5.598149e-01, 1.403851e-02, 1.500000e+00, 1.000000e+00, 5.000000e-01, 4.000000e+00, 4.000000e+00, 3.100000e+00
1.019500e+00, 1.466574e-02, 5.755975e-01, -5.609318e-01, 1.466574e-02, 1.500000e+00, 1.000000e+00, 5.000000e-01, 4.000000e+00, 4.000000e+00, 3.100000e+00
1.020000e+00, 1.529732e-02, 5.799385e-01, -5.646412e-01, 1.529732e-02, 1.500000e+00, 1.000000e+00, 5.000000e-01, 4.000000e+00, 4.000000e+00, 3.100000e+00
1.020500e+00, 1.503477e-02, 5.809530e-01, -5.659182e-01, 1.503477e-02, 1.500000e+00, 1.000000e+00, 5.000000e-01, 4.000000e+00, 4.000000e+00, 3.100000e+00
1.021000e+00, 1.669440e-02, 5.853576e-01, -5.686632e-01, 1.669440e-02, 1.500000e+00, 1.000000e+00, 5.000000e-01, 4.000000e+00, 4.000000e+00, 3.100000e+00
1.021500e+00, 1.734892e-02, 5.889715e-01, -5.716225e-01, 1.734892e-02, 1.500000e+00, 1.000000e+00, 5.000000e-01, 4.000000e+00, 4.000000e+00, 3.100000e+00
1.022000e+00, 1.882702e-02, 5.921332e-01, -5.733062e-01, 1.882702e-02, 1.500000e+00, 1.000000e+00, 5.000000e-01, 4.000000e+00, 4.000000e+00, 3.100000e+00
1.022500e+00, 1.811814e-02, 5.953490e-01, -5.772308e-01, 1.811814e-02, 1.500000e+00, 1.000000e+00, 5.000000e-01, 4.000000e+00, 4.000000e+00, 3.100000e+00
1.023000e+00, 1.892228e-02, 5.984924e-01, -5.795701e-01, 1.892228e-02, 1.500000e+00, 1.000000e+00, 5.000000e-01, 4.000000e+00, 4.000000e+00, 3.100000e+00
1.023500e+00, 1.871759e-02, 6.020203e-01, -5.833027e-01, 1.871759e-02, 1.500000e+00, 1.000000e+00, 5.000000e-01, 4.000000e+00, 4.000000e+00, 3.100000e+00
1.024000e+00, 1.983157e-02, 6.039175e-01, -5.840859e-01, 1.983157e-02, 1.500000e+00, 1.000000e+00, 5.000000e-01, 4.000000e+00, 4.000000e+00, 3.100000e+00
1.024500e+00, 2.208424e-02, 6.088463e-01, -5.867620e-01, 2.208424e-02, 1.500000e+00, 1.000000e+00, 5.000000e-01, 4.000000e+00, 4.000000e+00, 3.100000e+00
1.025000e+00, 2.320458e-02, 6.130786e-01, -5.898740e-01, 2.320458e-02, 1.500000e+00, 1.000000e+00, 5.000000e-01, 4.000000e+00, 4.000000e+00, 3.100000e+00
1.025500e+00, 2.354661e-02, 6.177712e-01, -5.942246e-01, 2.354661e-02, 1.500000e+00, 1.000000e+00, 5.000000e-01, 4.000000e+00, 4.000000e+00, 3.100000e+00
1.026000e+00, 2.390985e-02, 6.195800e-01, -5.956701e-01, 2.390985e-02, 1.500000e+00, 1.000000e+00, 5.000000e-01, 4.000000e+00, 4.000000e+00, 3.100000e+00
1.026500e+00, 2.669711e-02, 6.243074e-01, -5.976103e-01, 2.669711e-02, 1.500000e+00, 1.000000e+00, 5.000000e-01, 4.000000e+00, 4.000000e+00, 3.100000e+00
1.027000e+00, 2.598719e-02, 6.279397e-01, -6.019525e-01, 2.598719e-02, 1.500000e+00, 1.000000e+00, 5.000000e-01, 4.000000e+00, 4.000000e+00, 3.100000e+00
1.027500e+00, 2.734408e-02, 6.318528e-01, -6.045087e-01, 2.734408e-02, 1.500000e+00, 1.000000e+00, 5.000000e-01, 4.000000e+00, 4.000000e+00, 3.100000e+00
1.028000e+00, 2.591812e-02, 6.348678e-01, -6.089497e-01, 2.591812e-02, 1.500000e+00, 1.000000e+00, 5.000000e-01, 4.000000e+00, 4.000000e+00, 3.100000e+00
1.028500e+00, 2.789342e-02, 6.384179e-01, -6.105245e-01, 2.789342e-02, 1.500000e+00, 1.000000e+00, 5.000000e-01, 4.000000e+00, 4.000000e+00, 3.100000e+00
1.029000e+00, 2.871187e-02, 6.421219e-01, -6.134100e-01, 2.871187e-02, 1.500000e+00, 1.000000e+00, 5.000000e-01, 4.000000e+00, 4.000000e+00, 3.100000e+00
1.029500e+00, 2.932295e-02, 6.469838e-01, -6.176608e-01, 2.932295e-02, 1.500000e+00, 1.000000e+00, 5.000000e-01, 4.000000e+00, 4.000000e+00, 3.100000e+00
1.030000e+00, 2.997149e-02, 6.507108e-01, -6.207393e-01, 2.997149e-02, 1.500000e+00, 1.000000e+00, 5.000000e-01, 4.000000e+00, 4.000000e+00, 3.100000e+00
1.030500e+00, 3.063608e-02, 6.540421e-01, -6.234060e-01, 3.063608e-02, 1.500000e+00, 1.000000e+00, 5.000000e-01, 4.000000e+00, 4.000000e+00, 3.100000e+00
1.031000e+00, 3.185513e-02, 6.571010e-01, -6.252459e-01, 3.185513e-02, 1.500000e+00, 1.000000e+00, 5.000000e-01, 4.000000e+00, 4.000000e+00, 3.100000e+00
1.031500e+00, 3.474318e-02, 6.631720e-01, -6.284288e-01, 3.474318e-02, 1.500000e+00, 1.000000e+00, 5.000000e-01, 4.000000e+00, 4.000000e+00, 3.100000e+00
1.032000e+00, 3.622933e-02, 6.657764e-01, -6.295470e-01, 3.622933e-02, 1.500000e+00, 1.000000e+00, 5.000000e-01, 4.000000e+00, 4.000000e+00, 3.100000e+00
1.032500e+00, 3.468085e-02, 6.663988e-01, -6.317180e-01, 3.468085e-02, 1.500000e+00, 1.000000e+00, 5.000000e-01, 4.000000e+00, 4.000000e+00, 3.100000e+00
1.033000e+00, 3.327702e-02, 6.678880e-01, -6.346109e-01, 3.327702e-02, 1.500000e+00, 1.000000e+00, 5.000000e-01, 4.000000e+00, 4.000000e+00, 3.100000e+00
1.033500e+00, 3.398239e-02, 6.722718e-01, -6.382894e-01, 3.398239e-02, 1.500000e+00, 1.000000e+00, 5.000000e-01, 4.000000e+00, 4.000000e+00, 3.100000e+00
1.034000e+00, 2.450270e-02, 6.733581e-01, -6.488554e-01, 2.450270e-02, 1.500000e+00, 1.000000e+00, 5.000000e-01, 4.000000e+00, 4.000000e+00, 3.100000e+00
1.034500e+00, 3.121829e-02, 6.741481e-01, -6.429298e-01, 3.121829e-02, 1.500000e+00, 1.000000e+00, 5.000000e-01, 4.000000e+00, 4.000000e+00, 3.100000e+00
1.035000e+00, 2.629346e-02, 6.724241e-01, -6.461306e-01, 2.629346e-02, 1.500000e+00, 1.000000e+00, 5.000000e-01, 4.000000e+00, 4.000000e+00, 3.100000e+00
