9.300000e-01, 1.416495e-02, 8.008902e-02, -6.592407e-02, 1.416495e-02, 1.500000e+00, 1.000000e+00, 5.000000e-01, 4.000000e+00, 4.000000e+00, 3.600000e+00
9.305000e-01, 1.200906e-02, 8.008716e-02, -6.807809e-02, 1.200906e-02, 1.500000e+00, 1.000000e+00, 5.000000e-01, 4.000000e+00, 4.000000e+00, 3.600000e+00
9.310000e-01, 1.247358e-02, 8.007487e-02, -6.760130e-02, 1.247358e-02, 1.500000e+00, 1.000000e+00, 5.000000e-01, 4.000000e+00, 4.000000e+00, 3.600000e+00
9.315000e-01, 1.346359e-02, 8.008473e-02, -6.662114e-02, 1.346359e-02, 1.500000e+00, 1.000000e+00, 5.000000e-01, 4.000000e+00, 4.000000e+00, 3.600000e+00
9.320000e-01, 1.246972e-02, 8.007757e-02, -6.760785e-02, 1.246972e-02, 1.500000e+00, 1.000000e+00, 5.000000e-01, 4.000000e+00, 4.000000e+00, 3.600000e+00
9.325000e-01, 1.367586e-02, 8.007899e-02, -6.640313e-02, 1.367586e-02, 1.500000e+00, 1.000000e+00, 5.000000e-01, 4.000000e+00, 4.000000e+00, 3.600000e+00
9.330000e-01, 1.421238e-02, 8.007855e-02, -6.586617e-02, 1.421238e-02, 1.500000e+00, 1.000000e+00, 5.000000e-01, 4.000000e+00, 4.000000e+00, 3.600000e+00
9.335000e-01, 1.329801e-02, 8.007887e-02, -6.678086e-02, 1.329801e-02, 1.500000e+00, 1.000000e+00, 5.000000e-01, 4.000000e+00, 4.000000e+00, 3.600000e+00
9.340000e-01, 1.411224e-02, 8.007698e-02, -6.596474e-02, 1.411224e-02, 1.500000e+00, 1.000000e+00, 5.000000e-01, 4.000000e+00, 4.000000e+00, 3.600000e+00
9.345000e-01, 1.385063e-02, 8.007334e-02, -6.622271e-02, 1.385063e-02, 1.500000e+00, 1.000000e+00, 5.000000e-01, 4.000000e+00, 4.000000e+00, 3.600000e+00
9.350000e-01, 1.404639e-02, 8.009407e-02, -6.604768e-02, 1.404639e-02, 1.500000e+00, 1.000000e+00, 5.000000e-01, 4.000000e+00, 4.000000e+00, 3.600000e+00
9.355000e-01, 1.404658e-02, 8.008475e-02, -6.603818e-02, 1.404658e-02, 1.500000e+00, 1.000000e+00, 5.000000e-01, 4.000000e+00, 4.000000e+00, 3.600000e+00
9.360000e-01, 1.277581e-02, 8.008407e-02, -6.730827e-02, 1.277581e-02, 1.500000e+00, 1.000000e+00, 5.000000e-01, 4.000000e+00, 4.000000e+00, 3.600000e+00
9.365000e-01, 1.370147e-02, 8.008729e-02, -6.638582e-02, 1.370147e-02, 1.500000e+00, 1.000000e+00, 5.000000e-01, 4.000000e+00, 4.000000e+00, 3.600000e+00
9.370000e-01, 1.365448e-02, 8.007291e-02, -6.641844e-02, 1.365448e-02, 1.500000e+00, 1.000000e+00, 5.000000e-01, 4.000000e+00, 4.000000e+00, 3.600000e+00
9.375000e-01, 1.425114e-02, 8.007819e-02, -6.582705e-02, 1.425114e-02, 1.500000e+00, 1.000000e+00, 5.000000e-01, 4.000000e+00, 4.000000e+00, 3.600000e+00
9.380000e-01, 1.383683e-02, 8.009143e-02, -6.625460e-02, 1.383683e-02, 1.500000e+00, 1.000000e+00, 5.000000e-01, 4.000000e+00, 4.000000e+00, 3.600000e+00
9.385000e-01, 1.319204e-02, 8.007753e-02, -6.688549e-02, 1.319204e-02, 1.500000e+00, 1.000000e+00, 5.000000e-01, 4.000000e+00, 4.000000e+00, 3.600000e+00
9.390000e-01, 1.170890e-02, 8.008600e-02, -6.837709e-02, 1.170890e-02, 1.500000e+00, 1.000000e+00, 5.000000e-01, 4.000000e+00, 4.000000e+00, 3.600000e+00
9.395000e-01, 1.376322e-02, 8.008557e-02, -6.632235e-02, 1.376322e-02, 1.500000e+00, 1.000000e+00, 5.000000e-01, 4.000000e+00, 4.000000e+00, 3.600000e+00
9.400000e-01, 1.356744e-02, 8.008132e-02, -6.651388e-02, 1.356744e-02, 1.500000e+00, 1.000000e+00, 5.000000e-01, 4.000000e+00, 4.000000e+00, 3.600000e+00
9.405000e-01, 1.218318e-02, 8.009040e-02, -6.790722e-02, 1.218318e-02, 1.500000e+00, 1.000000e+00, 5.000000e-01, 4.000000e+00, 4.000000e+00, 3.600000e+00
9.410000e-01, 1.332069e-02, 8.008652e-02, -6.676582e-02, 1.332069e-02, 1.500000e+00, 1.000000e+00, 5.000000e-01, 4.000000e+00, 4.000000e+00, 3.600000e+00
9.415000e-01, 1.288834e-02, 8.008901e-02, -6.720068e-02, 1.288834e-02, 1.500000e+00, 1.000000e+00, 5.000000e-01, 4.000000e+00, 4.000000e+00, 3.600000e+00
9.420000e-01, 1.299693e-02, 8.008093e-02, -6.708400e-02, 1.299693e-02, 1.500000e+00, 1.000000e+00, 5.000000e-01, 4.000000e+00, 4.000000e+00, 3.600000e+00
9.425000e-01, 1.351422e-02, 8.007547e-02, -6.656125e-02, 1.351422e-02, 1.500000e+00, 1.000000e+00, 5.000000e-01, 4.000000e+00, 4.000000e+00, 3.600000e+00
9.430000e-01, 1.279334e-02, 8.008090e-02, -6.728756e-02, 1.279334e-02, 1.500000e+00, 1.000000e+00, 5.000000e-01, 4.000000e+00, 4.000000e+00, 3.600000e+00
9.435000e-01, 1.406242e-02, 8.008291e-02, -6.602050e-02, 1.406242e-02, 1.500000e+00, 1.000000e+00, 5.000000e-01, 4.000000e+00, 4.000000e+00, 3.600000e+00
9.440000e-01, 1.375570e-02, 8.007640e-02, -6.632070e-02, 1.375570e-02, 1.500000e+00, 1.000000e+00, 5.000000e-01, 4.000000e+00, 4.000000e+00, 3.600000e+00
9.445000e-01, 1.408201e-02, 8.008082e-02, -6.599880e-02, 1.408201e-02, 1.500000e+00, 1.000000e+00, 5.000000e-01, 4.000000e+00, 4.000000e+00, 3.600000e+00
9.450000e-01, 1.282694e-02, 8.008996e-02, -6.726303e-02, 1.282694e-02, 1.500000e+00, 1.000000e+00, 5.000000e-01, 4.000000e+00, 4.000000e+00, 3.600000e+00
9.455000e-01, 1.239597e-02, 8.008576e-02, -6.768980e-02, 1.239597e-02, 1.500000e+00, 1.000000e+00, 5.000000e-01, 4.000000e+00, 4.000000e+00, 3.600000e+00
9.460000e-01, 1.389837e-02, 8.008727e-02, -6.618890e-02, 1.389837e-02, 1.500000e+00, 1.000000e+00, 5.000000e-01, 4.000000e+00, 4.000000e+00, 3.600000e+00
9.465000e-01, 1.347107e-02, 8.007933e-02, -6.660826e-02, 1.347107e-02, 1.500000e+00, 1.000000e+00, 5.000000e-01, 4.000000e+00, 4.000000e+00, 3.600000e+00
9.470000e-01, 1.254280e-02, 8.009570e-02, -6.755290e-02, 1.254280e-02, 1.500000e+00, 1.000000e+00, 5.000000e-01, 4.000000e+00, 4.000000e+00, 3.600000e+00
9.475000e-01, 1.375538e-02, 8.007050e-02, -6.631512e-02, 1.375538e-02, 1.500000e+00, 1.000000e+00, 5.000000e-01, 4.000000e+00, 4.000000e+00, 3.600000e+00
9.480000e-01, 1.375847e-02, 8.008664e-02, -6.632816e-02, 1.375847e-02, 1.500000e+00, 1.000000e+00, 5.000000e-01, 4.000000e+00, 4.000000e+00, 3.600000e+00
9.485000e-01, 1.310597e-02, 8.008226e-02, -6.697629e-02, 1.310597e-02, 1.500000e+00, 1.000000e+00, 5.000000e-01, 4.000000e+00, 4.000000e+00, 3.600000e+00
9.490000e-01, 1.416854e-02, 8.008363e-02, -6.591509e-02, 1.416854e-02, 1.500000e+00, 1.000000e+00, 5.000000e-01, 4.000000e+00, 4.000000e+00, 3.600000e+00
9.495000e-01, 1.277655e-02, 8.008828e-02, -6.731173e-02, 1.277655e-02, 1.500000e+00, 1.000000e+00, 5.000000e-01, 4.000000e+00, 4.000000e+00, 3.600000e+00
9.500000e-01, 1.370112e-02, 8.009518e-02, -6.639405e-02, 1.370112e-02, 1.500000e+00, 1.000000e+00, 5.000000e-01, 4.000000e+00, 4.000000e+00, 3.600000e+00
9.505000e-01, 1.237603e-02, 8.008881e-02, -6.771279e-02, 1.237603e-02, 1.500000e+00, 1.000000e+00, 5.000000e-01, 4.000000e+00, 4.000000e+00, 3.600000e+00
9.510000e-01, 1.330312e-02, 8.008892e-02, -6.678581e-02, 1.330312e-02, 1.500000e+00, 1.000000e+00, 5.000000e-01, 4.000000e+00, 4.000000e+00, 3.600000e+00
9.515000e-01, 1.345685e-02, 8.008115e-02, -6.662431e-02, 1.345685e-02, 1.500000e+00, 1.000000e+00, 5.000000e-01, 4.000000e+00, 4.000000e+00, 3.600000e+00
9.520000e-01, 1.301824e-02, 8.007894e-02, -6.706069e-02, 1.301824e-02, 1.500000e+00, 1.000000e+00, 5.000000e-01, 4.000000e+00, 4.000000e+00, 3.600000e+00
9.525000e-01, 1.336770e-02, 8.009699e-02, -6.672929e-02, 1.336770e-02, 1.500000e+00, 1.000000e+00, 5.000000e-01, 4.000000e+00, 4.000000e+00, 3.600000e+00
9.530000e-01, 1.391343e-02, 8.008106e-02, -6.616763e-02, 1.391343e-02, 1.500000e+00, 1.000000e+00, 5.000000e-01, 4.000000e+00, 4.000000e+00, 3.600000e+00
9.535000e-01, 1.387228e-02, 8.009399e-02, -6.622171e-02, 1.387228e-02, 1.500000e+00, 1.000000e+00, 5.000000e-01, 4.000000e+00, 4.000000e+00, 3.600000e+00
9.540000e-01, 1.414040e-02, 8.009140e-02, -6.595100e-02, 1.414040e-02, 1.500000e+00, 1.000000e+00, 5.000000e-01, 4.000000e+00, 4.000000e+00, 3.600000e+00
9.545000e-01, 1.388550e-02, 8.009073e-02, -6.620523e-02, 1.388550e-02, 1.500000e+00, 1.000000e+00, 5.000000e-01, 4.000000e+00, 4.000000e+00, 3.600000e+00
9.550000e-01, 1.476102e-02, 8.009222e-02, -6.533120e-02, 1.476102e-02, 1.500000e+00, 1.000000e+00, 5.000000e-01, 4.000000e+00, 4.000000e+00, 3.600000e+00
9.555000e-01, 1.392324e-02, 8.009797e-02, -6.617473e-02, 1.392324e-02, 1.500000e+00, 1.000000e+00, 5.000000e-01, 4.000000e+00, 4.000000e+00, 3.600000e+00
9.560000e-01, 1.253800e-02, 8.010528e-02, -6.756728e-02, 1.253800e-02, 1.500000e+00, 1.000000e+00, 5.000000e-01, 4.000000e+00, 4.000000e+00, 3.600000e+00
9.565000e-01, 1.386285e-02, 8.010791e-02, -6.624506e-02, 1.386285e-02, 1.500000e+00, 1.000000e+00, 5.000000e-01, 4.000000e+00, 4.000000e+00, 3.600000e+00
9.570000e-01, 1.461602e-02, 8.009733e-02, -6.548131e-02, 1.461602e-02, 1.500000e+00, 1.000000e+00, 5.000000e-01, 4.000000e+00, 4.000000e+00, 3.600000e+00
9.575000e-01, 1.372169e-02, 8.008959e-02, -6.636790e-02, 1.372169e-02, 1.500000e+00, 1.000000e+00, 5.000000e-01, 4.000000e+00, 4.000000e+00, 3.600000e+00
9.580000e-01, 1.293640e-02, 8.008977e-02, -6.715337e-02, 1.293640e-02, 1.500000e+00, 1.000000e+00, 5.000000e-01, 4.000000e+00, 4.000000e+00, 3.600000e+00
9.585000e-01, 1.342626e-02, 8.011358e-02, -6.668733e-02, 1.342626e-02, 1.500000e+00, 1.000000e+00, 5.000000e-01, 4.000000e+00, 4.000000e+00, 3.600000e+00
9.590000e-01, 1.230849e-02, 8.010564e-02, -6.779715e-02, 1.230849e-02, 1.500000e+00, 1.000000e+00, 5.000000e-01, 4.000000e+00, 4.000000e+00, 3.600000e+00
9.595000e-01, 1.354746e-02, 8.012109e-02, -6.657364e-02, 1.354746e-02, 1.500000e+00, 1.000000e+00, 5.000000e-01, 4.000000e+00, 4.000000e+00, 3.600000e+00
9.600000e-01, 1.203106e-02, 8.011504e-02, -6.808399e-02, 1.203106e-02, 1.500000e+00, 1.000000e+00, 5.000000e-01, 4.000000e+00, 4.000000e+00, 3.600000e+00
9.605000e-01, 1.286701e-02, 8.011238e-02, -6.724537e-02, 1.286701e-02, 1.500000e+00, 1.000000e+00, 5.000000e-01, 4.000000e+00, 4.000000e+00, 3.600000e+00
9.610000e-01, 1.422042e-02, 8.018763e-02, -6.596721e-02, 1.422042e-02, 1.500000e+00, 1.000000e+00, 5.000000e-01, 4.000000e+00, 4.000000e+00, 3.600000e+00
9.615000e-01, 1.330223e-02, 8.015761e-02, -6.685538e-02, 1.330223e-02, 1.500000e+00, 1.000000e+00, 5.000000e-01, 4.000000e+00, 4.000000e+00, 3.600000e+00
9.620000e-01, 1.350736e-02, 8.749301e-02, -7.398565e-02, 1.350736e-02, 1.500000e+00, 1.000000e+00, 5.000000e-01, 4.000000e+00, 4.000000e+00, 3.600000e+00
9.625000e-01, 1.323661e-02, 9.516206e-02, -8.192545e-02, 1.323661e-02, 1.500000e+00, 1.000000e+00, 5.000000e-01, 4.000000e+00, 4.000000e+00, 3.600000e+00
9.630000e-01, 1.370210e-02, 9.980382e-02, -8.610173e-02, 1.370210e-02, 1.500000e+00, 1.000000e+00, 5.000000e-01, 4.000000e+00, 4.000000e+00, 3.600000e+00
9.635000e-01, 1.308387e-02, 1.484997e-01, -1.354158e-01, 1.308387e-02, 1.500000e+00, 1.000000e+00, 5.000000e-01, 4.000000e+00, 4.000000e+00, 3.600000e+00
9.640000e-01, 1.386899e-02, 1.849881e-01, -1.711191e-01, 1.386899e-02, 1.500000e+00, 1.000000e+00, 5.000000e-01, 4.000000e+00, 4.000000e+00, 3.600000e+00
9.645000e-01, 1.270940e-02, 1.892781e-01, -1.765687e-01, 1.270940e-02, 1.500000e+00, 1.000000e+00, 5.000000e-01, 4.000000e+00, 4.000000e+00, 3.600000e+00
9.650000e-01, -3.823311e-02, 2.135268e-01, -2.517599e-01, -3.823311e-02, 1.500000e+00, 1.000000e+00, 5.000000e-01, 4.000000e+00, 4.000000e+00, 3.600000e+00
9.655000e-01, 1.232055e-02, 2.656443e-01, -2.533237e-01, 1.232055e-02, 1.500000e+00, 1.000000e+00, 5.000000e-01, 4.000000e+00, 4.000000e+00, 3.600000e+00
9.660000e-01, -1.139414e-01, 1.612769e-01, -2.752183e-01, -1.139414e-01, 1.500000e+00, 1.000000e+00, 5.000000e-01, 4.000000e+00, 4.000000e+00, 3.600000e+00
9.665000e-01, -1.674942e-01, 1.263273e-01, -2.938216e-01, -1.674942e-01, 1.500000e+00, 1.000000e+00, 5.000000e-01, 4.000000e+00, 4.000000e+00, 3.600000e+00
9.670000e-01, -1.927353e-01, 1.004694e-01, -2.932047e-01, -1.927353e-01, 1.500000e+00, 1.000000e+00, 5.000000e-01, 4.000000e+00, 4.000000e+00, 3.600000e+00
9.675000e-01, -2.194177e-01, 8.032524e-02, -2.997429e-01, -2.194177e-01, 1.500000e+00, 1.000000e+00, 5.000000e-01, 4.000000e+00, 4.000000e+00, 3.600000e+00
9.680000e-01, -2.186664e-01, 8.055419e-02, -2.992206e-01, -2.186664e-01, 1.500000e+00, 1.000000e+00, 5.000000e-01, 4.000000e+00, 4.000000e+00, 3.600000e+00
9.685000e-01, -2.181088e-01, 8.047024e-02, -2.985790e-01, -2.181088e-01, 1.500000e+00, 1.000000e+00, 5.000000e-01, 4.000000e+00, 4.000000e+00, 3.600000e+00
9.690000e-01, -2.193262e-01, 8.058419e-02, -2.999104e-01, -2.193262e-01, 1.500000e+00, 1.000000e+00, 5.000000e-01, 4.000000e+00, 4.000000e+00, 3.600000e+00
9.695000e-01, -2.191528e-01, 8.080153e-02, -2.999543e-01, -2.191528e-01, 1.500000e+00, 1.000000e+00, 5.000000e-01, 4.000000e+00, 4.000000e+00, 3.600000e+00
9.700000e-01, -2.199376e-01, 8.088406e-02, -3.008217e-01, -2.199376e-01, 1.500000e+00, 1.000000e+00, 5.000000e-01, 4.000000e+00, 4.000000e+00, 3.600000e+00
9.705000e-01, -2.177553e-01, 8.089269e-02, -2.986480e-01, -2.177553e-01, 1.500000e+00, 1.000000e+00, 5.000000e-01, 4.000000e+00, 4.000000e+00, 3.600000e+00
9.710000e-01, -2.184120e-01, 8.139354e-02, -2.998055e-01, -2.184120e-01, 1.500000e+00, 1.000000e+00, 5.000000e-01, 4.000000e+00, 4.000000e+00, 3.600000e+00
9.715000e-01, -2.191915e-01, 8.210808e-02, -3.012996e-01, -2.191915e-01, 1.500000e+00, 1.000000e+00, 5.000000e-01, 4.000000e+00, 4.000000e+00, 3.600000e+00
9.720000e-01, -2.183654e-01, 8.385188e-02, -3.022173e-01, -2.183654e-01, 1.500000e+00, 1.000000e+00, 5.000000e-01, 4.000000e+00, 4.000000e+00, 3.600000e+00
9.725000e-01, -2.188170e-01, 8.323451e-02, -3.020515e-01, -2.188170e-01, 1.500000e+00, 1.000000e+00, 5.000000e-01, 4.000000e+00, 4.000000e+00, 3.600000e+00
9.730000e-01, -2.202538e-01, 8.459975e-02, -3.048536e-01, -2.202538e-01, 1.500000e+00, 1.000000e+00, 5.000000e-01, 4.000000e+00, 4.000000e+00, 3.600000e+00
9.735000e-01, -2.174070e-01, 9.001130e-02, -3.074182e-01, -2.174070e-01, 1.500000e+00, 1.000000e+00, 5.000000e-01, 4.000000e+00, 4.000000e+00, 3.600000e+00
9.740000e-01, -2.177692e-01, 9.120415e-02, -3.089734e-01, -2.177692e-01, 1.500000e+00, 1.000000e+00, 5.000000e-01, 4.000000e+00, 4.000000e+00, 3.600000e+00
9.745000e-01, -2.186064e-01, 9.824455e-02, -3.168510e-01, -2.186064e-01, 1.500000e+00, 1.000000e+00, 5.000000e-01, 4.000000e+00, 4.000000e+00, 3.600000e+00
9.750000e-01, -2.184381e-01, 9.943222e-02, -3.178703e-01, -2.184381e-01, 1.500000e+00, 1.000000e+00, 5.000000e-01, 4.000000e+00, 4.000000e+00, 3.600000e+00
9.755000e-01, -2.192872e-01, 9.933100e-02, -3.186182e-01, -2.192872e-01, 1.500000e+00, 1.000000e+00, 5.000000e-01, 4.000000e+00, 4.000000e+00, 3.600000e+00
9.760000e-01, -2.191720e-01, 1.069820e-01, -3.261541e-01, -2.191720e-01, 1.500000e+00, 1.000000e+00, 5.000000e-01, 4.000000e+00, 4.000000e+00, 3.600000e+00
9.765000e-01, -2.195300e-01, 1.089770e-01, -3.285070e-01, -2.195300e-01, 1.500000e+00, 1.000000e+00, 5.000000e-01, 4.000000e+00, 4.000000e+00, 3.600000e+00
9.770000e-01, -2.190433e-01, 1.143578e-01, -3.334011e-01, -2.190433e-01, 1.500000e+00, 1.000000e+00, 5.000000e-01, 4.000000e+00, 4.000000e+00, 3.600000e+00
9.775000e-01, -2.176414e-01, 1.155175e-01, -3.331589e-01, -2.176414e-01, 1.500000e+00, 1.000000e+00, 5.000000e-01, 4.000000e+00, 4.000000e+00, 3.600000e+00
9.780000e-01, -2.196416e-01, 1.227913e-01, -3.424329e-01, -2.196416e-01, 1.500000e+00, 1.000000e+00, 5.000000e-01, 4.000000e+00, 4.000000e+00, 3.600000e+00
9.785000e-01, -2.174143e-01, 1.273233e-01, -3.447376e-01, -2.174143e-01, 1.500000e+00, 1.000000e+00, 5.000000e-01, 4.000000e+00, 4.000000e+00, 3.600000e+00
9.790000e-01, -2.191894e-01, 1.284288e-01, -3.476182e-01, -2.191894e-01, 1.500000e+00, 1.000000e+00, 5.000000e-01, 4.000000e+00, 4.000000e+00, 3.600000e+00
9.795000e-01, -2.178485e-01, 1.348416e-01, -3.526901e-01, -2.178485e-01, 1.500000e+00, 1.000000e+00, 5.000000e-01, 4.000000e+00, 4.000000e+00, 3.600000e+00
9.800000e-01, -2.181570e-01, 1.381471e-01, -3.563041e-01, -2.181570e-01, 1.500000e+00, 1.000000e+00, 5.000000e-01, 4.000000e+00, 4.000000e+00, 3.600000e+00
9.805000e-01, -2.193025e-01, 1.424945e-01, -3.617970e-01, -2.193025e-01, 1.500000e+00, 1.000000e+00, 5.000000e-01, 4.000000e+00, 4.000000e+00, 3.600000e+00
9.810000e-01, -2.181599e-01, 1.471830e-01, -3.653429e-01, -2.181599e-01, 1.500000e+00, 1.000000e+00, 5.000000e-01, 4.000000e+00, 4.000000e+00, 3.600000e+00
9.815000e-01, -2.187511e-01, 1.470607e-01, -3.658119e-01, -2.187511e-01, 1.500000e+00, 1.000000e+00, 5.000000e-01, 4.000000e+00, 4.000000e+00, 3.600000e+00
9.820000e-01, -2.192135e-01, 1.503256e-01, -3.695392e-01, -2.192135e-01, 1.500000e+00, 1.000000e+00, 5.000000e-01, 4.000000e+00, 4.000000e+00, 3.600000e+00
9.825000e-01, -2.189990e-01, 1.538706e-01, -3.728696e-01, -2.189990e-01, 1.500000e+00, 1.000000e+00, 5.000000e-01, 4.000000e+00, 4.000000e+00, 3.600000e+00
9.830000e-01, -2.185838e-01, 1.569160e-01, -3.754997e-01, -2.185838e-01, 1.500000e+00, 1.000000e+00, 5.000000e-01, 4.000000e+00, 4.000000e+00, 3.600000e+00
9.835000e-01, -2.187032e-01, 1.616796e-01, -3.803828e-01, -2.187032e-01, 1.500000e+00, 1.000000e+00, 5.000000e-01, 4.000000e+00, 4.000000e+00, 3.600000e+00
9.840000e-01, -2.186453e-01, 1.658924e-01, -3.845378e-01, -2.186453e-01, 1.500000e+00, 1.000000e+00, 5.000000e-01, 4.000000e+00, 4.000000e+00, 3.600000e+00
9.845000e-01, -2.184656e-01, 1.632507e-01, -3.817164e-01, -2.184656e-01, 1.500000e+00, 1.000000e+00, 5.000000e-01, 4.000000e+00, 4.000000e+00, 3.600000e+00
9.850000e-01, -2.190948e-01, 1.699185e-01, -3.890133e-01, -2.190948e-01, 1.500000e+00, 1.000000e+00, 5.000000e-01, 4.000000e+00, 4.000000e+00, 3.600000e+00
9.855000e-01, -2.181097e-01, 1.726938e-01, -3.908035e-01, -2.181097e-01, 1.500000e+00, 1.000000e+00, 5.000000e-01, 4.000000e+00, 4.000000e+00, 3.600000e+00
9.860000e-01, -2.183558e-01, 1.749755e-01, -3.933313e-01, -2.183558e-01, 1.500000e+00, 1.000000e+00, 5.000000e-01, 4.000000e+00, 4.000000e+00, 3.600000e+00
9.865000e-01, -2.186382e-01, 1.761302e-01, -3.947684e-01, -2.186382e-01, 1.500000e+00, 1.000000e+00, 5.000000e-01, 4.000000e+00, 4.000000e+00, 3.600000e+00
9.870000e-01, -2.180561e-01, 1.766933e-01, -3.947494e-01, -2.180561e-01, 1.500000e+00, 1.000000e+00, 5.000000e-01, 4.000000e+00, 4.000000e+00, 3.600000e+00
9.875000e-01, -2.194282e-01, 1.818214e-01, -4.012496e-01, -2.194282e-01, 1.500000e+00, 1.000000e+00, 5.000000e-01, 4.000000e+00, 4.000000e+00, 3.600000e+00
9.880000e-01, -2.193866e-01, 1.849713e-01, -4.043580e-01, -2.193866e-01, 1.500000e+00, 1.000000e+00, 5.000000e-01, 4.000000e+00, 4.000000e+00, 3.600000e+00
9.885000e-01, -2.180422e-01, 1.869108e-01, -4.049531e-01, -2.180422e-01, 1.500000e+00, 1.000000e+00, 5.000000e-01, 4.000000e+00, 4.000000e+00, 3.600000e+00
9.890000e-01, -2.179068e-01, 1.901569e-01, -4.080636e-01, -2.179068e-01, 1.500000e+00, 1.000000e+00, 5.000000e-01, 4.000000e+00, 4.000000e+00, 3.600000e+00
9.895000e-01, -2.176808e-01, 1.907402e-01, -4.084211e-01, -2.176808e-01, 1.500000e+00, 1.000000e+00, 5.000000e-01, 4.000000e+00, 4.000000e+00, 3.600000e+00
9.900000e-01, -2.179777e-01, 1.927570e-01, -4.107347e-01, -2.179777e-01, 1.500000e+00, 1.000000e+00, 5.000000e-01, 4.000000e+00, 4.000000e+00, 3.600000e+00
9.905000e-01, -2.183652e-01, 1.956668e-01, -4.140319e-01, -2.183652e-01, 1.500000e+00, 1.000000e+00, 5.000000e-01, 4.000000e+00, 4.000000e+00, 3.600000e+00
9.910000e-01, -2.188700e-01, 2.006493e-01, -4.195192e-01, -2.188700e-01, 1.500000e+00, 1.000000e+00, 5.000000e-01, 4.000000e+00, 4.000000e+00, 3.600000e+00
9.915000e-01, -2.193993e-01, 2.009784e-01, -4.203778e-01, -2.193993e-01, 1.500000e+00, 1.000000e+00, 5.000000e-01, 4.000000e+00, 4.000000e+00, 3.600000e+00
9.920000e-01, -2.192465e-01, 2.022299e-01, -4.214765e-01, -2.192465e-01, 1.500000e+00, 1.000000e+00, 5.000000e-01, 4.000000e+00, 4.000000e+00, 3.600000e+00
9.925000e-01, -2.188852e-01, 2.060621e-01, -4.249473e-01, -2.188852e-01, 1.500000e+00, 1.000000e+00, 5.000000e-01, 4.000000e+00, 4.000000e+00, 3.600000e+00
9.930000e-01, -2.180226e-01, 2.090056e-01, -4.270282e-01, -2.180226e-01, 1.500000e+00, 1.000000e+00, 5.000000e-01, 4.000000e+00, 4.000000e+00, 3.600000e+00
9.935000e-01, -2.181468e-01, 2.132794e-01, -4.314262e-01, -2.181468e-01, 1.500000e+00, 1.000000e+00, 5.000000e-01, 4.000000e+00, 4.000000e+00, 3.600000e+00
9.940000e-01, -2.196213e-01, 2.123950e-01, -4.320163e-01, -2.196213e-01, 1.500000e+00, 1.000000e+00, 5.000000e-01, 4.000000e+00, 4.000000e+00, 3.600000e+00
9.945000e-01, -2.186778e-01, 2.160625e-01, -4.347403e-01, -2.186778e-01, 1.500000e+00, 1.000000e+00, 5.000000e-01, 4.000000e+00, 4.000000e+00, 3.600000e+00
9.950000e-01, -2.187919e-01, 2.173103e-01, -4.361022e-01, -2.187919e-01, 1.500000e+00, 1.000000e+00, 5.000000e-01, 4.000000e+00, 4.000000e+00, 3.600000e+00
9.955000e-01, -1.994950e-01, 2.364705e-01, -4.359655e-01, -1.994950e-01, 1.500000e+00, 1.000000e+00, 5.000000e-01, 4.000000e+00, 4.000000e+00, 3.600000e+00
9.960000e-01, -2.187315e-01, 2.208805e-01, -4.396120e-01, -2.187315e-01, 1.500000e+00, 1.000000e+00, 5.000000e-01, 4.000000e+00, 4.000000e+00, 3.600000e+00
9.965000e-01, -2.169608e-01, 2.242783e-01, -4.412391e-01, -2.169608e-01, 1.500000e+00, 1.000000e+00, 5.000000e-01, 4.000000e+00, 4.000000e+00, 3.600000e+00
9.970000e-01, -1.779755e-01, 2.701003e-01, -4.480758e-01, -1.779755e-01, 1.500000e+00, 1.000000e+00, 5.000000e-01, 4.000000e+00, 4.000000e+00, 3.600000e+00
9.975000e-01, -1.631796e-01, 2.896148e-01, -4.527945e-01, -1.631796e-01, 1.500000e+00, 1.000000e+00, 5.000000e-01, 4.000000e+00, 4.000000e+00, 3.600000e+00
9.980000e-01, -1.418252e-01, 3.111779e-01, -4.530031e-01, -1.418252e-01, 1.500000e+00, 1.000000e+00, 5.000000e-01, 4.000000e+00, 4.000000e+00, 3.600000e+00
9.985000e-01, -9.551279e-02, 3.585385e-01, -4.540513e-01, -9.551279e-02, 1.500000e+00, 1.000000e+00, 5.000000e-01, 4.000000e+00, 4.000000e+00, 3.600000e+00
9.990000e-01, -9.229040e-02, 3.630599e-01, -4.553503e-01, -9.229040e-02, 1.500000e+00, 1.000000e+00, 5.000000e-01, 4.000000e+00, 4.000000e+00, 3.600000e+00
9.995000e-01, -9.477493e-02, 3.649899e-01, -4.597649e-01, -9.477493e-02, 1.500000e+00, 1.000000e+00, 5.000000e-01, 4.000000e+00, 4.000000e+00, 3.600000e+00
1.000000e+00, -7.137200e-02, 3.889766e-01, -4.603486e-01, -7.137200e-02, 1.500000e+00, 1.000000e+00, 5.000000e-01, 4.000000e+00, 4.000000e+00, 3.600000e+00
1.000500e+00, -7.951641e-02, 3.897263e-01, -4.692427e-01, -7.951641e-02, 1.500000e+00, 1.000000e+00, 5.000000e-01, 4.000000e+00, 4.000000e+00, 3.600000e+00
1.001000e+00, -4.875455e-02, 4.177097e-01, -4.664643e-01, -4.875455e-02, 1.500000e+00, 1.000000e+00, 5.000000e-01, 4.000000e+00, 4.000000e+00, 3.600000e+00
1.001500e+00, -2.220607e-02, 4.414016e-01, -4.636077e-01, -2.220607e-02, 1.500000e+00, 1.000000e+00, 5.000000e-01, 4.000000e+00, 4.000000e+00, 3.600000e+00
1.002000e+00, -4.275356e-02, 4.265252e-01, -4.692788e-01, -4.275356e-02, 1.500000e+00, 1.000000e+00, 5.000000e-01, 4.000000e+00, 4.000000e+00, 3.600000e+00
1.002500e+00, -7.602704e-02, 4.000425e-01, -4.760695e-01, -7.602704e-02, 1.500000e+00, 1.000000e+00, 5.000000e-01, 4.000000e+00, 4.000000e+00, 3.600000e+00
1.003000e+00, -6.556454e-02, 4.143499e-01, -4.799145e-01, -6.556454e-02, 1.500000e+00, 1.000000e+00, 5.000000e-01, 4.000000e+00, 4.000000e+00, 3.600000e+00
1.003500e+00, -6.493148e-02, 4.175732e-01, -4.825047e-01, -6.493148e-02, 1.500000e+00, 1.000000e+00, 5.000000e-01, 4.000000e+00, 4.000000e+00, 3.600000e+00
1.004000e+00, -6.428773e-02, 4.232069e-01, -4.874947e-01, -6.428773e-02, 1.500000e+00, 1.000000e+00, 5.000000e-01, 4.000000e+00, 4.000000e+00, 3.600000e+00
1.004500e+00, -6.386065e-02, 4.269239e-01, -4.907845e-01, -6.386065e-02, 1.500000e+00, 1.000000e+00, 5.000000e-01, 4.000000e+00, 4.000000e+00, 3.600000e+00
1.005000e+00, -6.482417e-02, 4.314890e-01, -4.963131e-01, -6.482417e-02, 1.500000e+00, 1.000000e+00, 5.000000e-01, 4.000000e+00, 4.000000e+00, 3.600000e+00
1.005500e+00, -7.100234e-02, 4.279833e-01, -4.989857e-01, -7.100234e-02, 1.500000e+00, 1.000000e+00, 5.000000e-01, 4.000000e+00, 4.000000e+00, 3.600000e+00
1.006000e+00, -6.415401e-02, 4.360449e-01, -5.001989e-01, -6.415401e-02, 1.500000e+00, 1.000000e+00, 5.000000e-01, 4.000000e+00, 4.000000e+00, 3.600000e+00
1.006500e+00, -7.141298e-02, 4.334528e-01, -5.048658e-01, -7.141298e-02, 1.500000e+00, 1.000000e+00, 5.000000e-01, 4.000000e+00, 4.000000e+00, 3.600000e+00
1.007000e+00, -1.018697e-01, 4.060451e-01, -5.079148e-01, -1.018697e-01, 1.500000e+00, 1.000000e+00, 5.000000e-01, 4.000000e+00, 4.000000e+00, 3.600000e+00
1.007500e+00, -1.000867e-01, 4.124597e-01, -5.125465e-01, -1.000867e-01, 1.500000e+00, 1.000000e+00, 5.000000e-01, 4.000000e+00, 4.000000e+00, 3.600000e+00
1.008000e+00, -8.205019e-02, 4.302053e-01, -5.122555e-01, -8.205019e-02, 1.500000e+00, 1.000000e+00, 5.000000e-01, 4.000000e+00, 4.000000e+00, 3.600000e+00
1.008500e+00, -6.682436e-02, 4.503492e-01, -5.171736e-01, -6.682436e-02, 1.500000e+00, 1.000000e+00, 5.000000e-01, 4.000000e+00, 4.000000e+00, 3.600000e+00
1.009000e+00, -4.917966e-02, 4.632163e-01, -5.123960e-01, -4.917966e-02, 1.500000e+00, 1.000000e+00, 5.000000e-01, 4.000000e+00, 4.000000e+00, 3.600000e+00
1.009500e+00, -2.911612e-02, 4.828242e-01, -5.119403e-01, -2.911612e-02, 1.500000e+00, 1.000000e+00, 5.000000e-01, 4.000000e+00, 4.000000e+00, 3.600000e+00
1.010000e+00, -1.468717e-02, 4.953793e-01, -5.100665e-01, -1.468717e-02, 1.500000e+00, 1.000000e+00, 5.000000e-01, 4.000000e+00, 4.000000e+00, 3.600000e+00
1.010500e+00, -5.685834e-03, 5.044323e-01, -5.101182e-01, -5.685834e-03, 1.500000e+00, 1.000000e+00, 5.000000e-01, 4.000000e+00, 4.000000e+00, 3.600000e+00
1.011000e+00, 4.684991e-03, 5.215588e-01, -5.168738e-01, 4.684991e-03, 1.500000e+00, 1.000000e+00, 5.000000e-01, 4.000000e+00, 4.000000e+00, 3.600000e+00
1.011500e+00, 7.598954e-03, 5.282594e-01, -5.206604e-01, 7.598954e-03, 1.500000e+00, 1.000000e+00, 5.000000e-01, 4.000000e+00, 4.000000e+00, 3.600000e+00
1.012000e+00, 8.304327e-03, 5.392102e-01, -5.309059e-01, 8.304327e-03, 1.500000e+00, 1.000000e+00, 5.000000e-01, 4.000000e+00, 4.000000e+00, 3.600000e+00
1.012500e+00, 1.010294e-02, 5.402181e-01, -5.301152e-01, 1.010294e-02, 1.500000e+00, 1.000000e+00, 5.000000e-01, 4.000000e+00, 4.000000e+00, 3.600000e+00
1.013000e+00, 1.311052e-02, 5.456845e-01, -5.325740e-01, 1.311052e-02, 1.500000e+00, 1.000000e+00, 5.000000e-01, 4.000000e+00, 4.000000e+00, 3.600000e+00
1.013500e+00, 1.353740e-02, 5.467333e-01, -5.331959e-01, 1.353740e-02, 1.500000e+00, 1.000000e+00, 5.000000e-01, 4.000000e+00, 4.000000e+00, 3.600000e+00
1.014000e+00, 1.286420e-02, 5.473270e-01, -5.344628e-01, 1.286420e-02, 1.500000e+00, 1.000000e+00, 5.000000e-01, 4.000000e+00, 4.000000e+00, 3.600000e+00
1.014500e+00, 1.428283e-02, 5.486094e-01, -5.343266e-01, 1.428283e-02, 1.500000e+00, 1.000000e+00, 5.000000e-01, 4.000000e+00, 4.000000e+00, 3.600000e+00
1.015000e+00, 1.425728e-02, 5.495410e-01, -5.352837e-01, 1.425728e-02, 1.500000e+00, 1.000000e+00, 5.000000e-01, 4.000000e+00, 4.000000e+00, 3.600000e+00
1.015500e+00, 1.257411e-02, 5.500162e-01, -5.374421e-01, 1.257411e-02, 1.500000e+00, 1.000000e+00, 5.000000e-01, 4.000000e+00, 4.000000e+00, 3.600000e+00
1.016000e+00, 1.409022e-02, 5.524090e-01, -5.383188e-01, 1.409022e-02, 1.500000e+00, 1.000000e+00, 5.000000e-01, 4.000000e+00, 4.000000e+00, 3.600000e+00
1.016500e+00, 1.378888e-02, 5.542493e-01, -5.404604e-01, 1.378888e-02, 1.500000e+00, 1.000000e+00, 5.000000e-01, 4.000000e+00, 4.000000e+00, 3.600000e+00
1.017000e+00, 1.452991e-02, 5.560394e-01, -5.415095e-01, 1.452991e-02, 1.500000e+00, 1.000000e+00, 5.000000e-01, 4.000000e+00, 4.000000e+00, 3.600000e+00
1.017500e+00, 1.481331e-02, 5.579513e-01, -5.431380e-01, 1.481331e-02, 1.500000e+00, 1.000000e+00, 5.000000e-01, 4.000000e+00, 4.000000e+00, 3.600000e+00
1.018000e+00, 1.385660e-02, 5.608833e-01, -5.470267e-01, 1.385660e-02, 1.500000e+00, 1.000000e+00, 5.000000e-01, 4.000000e+00, 4.000000e+00, 3.600000e+00
1.018500e+00, 1.487280e-02, 5.637389e-01, -5.488661e-01, 1.487280e-02, 1.500000e+00, 1.000000e+00, 5.000000e-01, 4.000000e+00, 4.000000e+00, 3.600000e+00
1.019000e+00, 1.449906e-02, 5.648050e-01, -5.503059e-01, 1.449906e-02, 1.500000e+00, 1.000000e+00, 5.000000e-01, 4.000000e+00, 4.000000e+00, 3.600000e+00
1.019500e+00, 1.395312e-02, 5.670830e-01, -5.531299e-01, 1.395312e-02, 1.500000e+00, 1.000000e+00, 5.000000e-01, 4.000000e+00, 4.000000e+00, 3.600000e+00
1.020000e+00, 1.425203e-02, 5.709002e-01, -5.566482e-01, 1.425203e-02, 1.500000e+00, 1.000000e+00, 5.000000e-01, 4.000000e+00, 4.000000e+00, 3.600000e+00
1.020500e+00, 1.348168e-02, 5.733764e-01, -5.598948e-01, 1.348168e-02, 1.500000e+00, 1.000000e+00, 5.000000e-01, 4.000000e+00, 4.000000e+00, 3.600000e+00
1.021000e+00, 1.522261e-02, 5.766928e-01, -5.614702e-01, 1.522261e-02, 1.500000e+00, 1.000000e+00, 5.000000e-01, 4.000000e+00, 4.000000e+00, 3.600000e+00
1.021500e+00, 1.614408e-02, 5.807281e-01, -5.645840e-01, 1.614408e-02, 1.500000e+00, 1.000000e+00, 5.000000e-01, 4.000000e+00, 4.000000e+00, 3.600000e+00
1.022000e+00, 1.646354e-02, 5.849168e-01, -5.684532e-01, 1.646354e-02, 1.500000e+00, 1.000000e+00, 5.000000e-01, 4.000000e+00, 4.000000e+00, 3.600000e+00
1.022500e+00, 1.652209e-02, 5.893025e-01, -5.727804e-01, 1.652209e-02, 1.500000e+00, 1.000000e+00, 5.000000e-01, 4.000000e+00, 4.000000e+00, 3.600000e+00
1.023000e+00, 1.746220e-02, 5.904516e-01, -5.729894e-01, 1.746220e-02, 1.500000e+00, 1.000000e+00, 5.000000e-01, 4.000000e+00, 4.000000e+00, 3.600000e+00
1.023500e+00, 1.814988e-02, 5.975597e-01, -5.794098e-01, 1.814988e-02, 1.500000e+00, 1.000000e+00, 5.000000e-01, 4.000000e+00, 4.000000e+00, 3.600000e+00
1.024000e+00, 1.747282e-02, 6.007820e-01, -5.833092e-01, 1.747282e-02, 1.500000e+00, 1.000000e+00, 5.000000e-01, 4.000000e+00, 4.000000e+00, 3.600000e+00
1.024500e+00, 1.823236e-02, 6.036833e-01, -5.854510e-01, 1.823236e-02, 1.500000e+00, 1.000000e+00, 5.000000e-01, 4.000000e+00, 4.000000e+00, 3.600000e+00
1.025000e+00, 2.028604e-02, 6.095103e-01, -5.892242e-01, 2.028604e-02, 1.500000e+00, 1.000000e+00, 5.000000e-01, 4.000000e+00, 4.000000e+00, 3.600000e+00
1.025500e+00, 2.130366e-02, 6.126767e-01, -5.913731e-01, 2.130366e-02, 1.500000e+00, 1.000000e+00, 5.000000e-01, 4.000000e+00, 4.000000e+00, 3.600000e+00
1.026000e+00, 2.045621e-02, 6.142823e-01, -5.938261e-01, 2.045621e-02, 1.500000e+00, 1.000000e+00, 5.000000e-01, 4.000000e+00, 4.000000e+00, 3.600000e+00
1.026500e+00, 2.110824e-02, 6.200982e-01, -5.989900e-01, 2.110824e-02, 1.500000e+00, 1.000000e+00, 5.000000e-01, 4.000000e+00, 4.000000e+00, 3.600000e+00
1.027000e+00, 2.437014e-02, 6.261290e-01, -6.017589e-01, 2.437014e-02, 1.500000e+00, 1.000000e+00, 5.000000e-01, 4.000000e+00, 4.000000e+00, 3.600000e+00
1.027500e+00, 2.476378e-02, 6.283313e-01, -6.035675e-01, 2.476378e-02, 1.500000e+00, 1.000000e+00, 5.000000e-01, 4.000000e+00, 4.000000e+00, 3.600000e+00
1.028000e+00, 2.704817e-02, 6.359058e-01, -6.088576e-01, 2.704817e-02, 1.500000e+00, 1.000000e+00, 5.000000e-01, 4.000000e+00, 4.000000e+00, 3.600000e+00
1.028500e+00, 2.715749e-02, 6.391277e-01, -6.119702e-01, 2.715749e-02, 1.500000e+00, 1.000000e+00, 5.000000e-01, 4.000000e+00, 4.000000e+00, 3.600000e+00
1.029000e+00, 2.745403e-02, 6.429387e-01, -6.154846e-01, 2.745403e-02, 1.500000e+00, 1.000000e+00, 5.000000e-01, 4.000000e+00, 4.000000e+00, 3.600000e+00
1.029500e+00, 2.689525e-02, 6.459471e-01, -6.190518e-01, 2.689525e-02, 1.500000e+00, 1.000000e+00, 5.000000e-01, 4.000000e+00, 4.000000e+00, 3.600000e+00
1.030000e+00, 2.803066e-02, 6.524465e-01, -6.244158e-01, 2.803066e-02, 1.500000e+00, 1.000000e+00, 5.000000e-01, 4.000000e+00, 4.000000e+00, 3.600000e+00
1.030500e+00, 3.104734e-02, 6.564928e-01, -6.254455e-01, 3.104734e-02, 1.500000e+00, 1.000000e+00, 5.000000e-01, 4.000000e+00, 4.000000e+00, 3.600000e+00
1.031000e+00, 2.863230e-02, 6.588802e-01, -6.302479e-01, 2.863230e-02, 1.500000e+00, 1.000000e+00, 5.000000e-01, 4.000000e+00, 4.000000e+00, 3.600000e+00
1.031500e+00, 3.018609e-02, 6.631210e-01, -6.329349e-01, 3.018609e-02, 1.500000e+00, 1.000000e+00, 5.000000e-01, 4.000000e+00, 4.000000e+00, 3.600000e+00
1.032000e+00, 3.256777e-02, 6.691434e-01, -6.365757e-01, 3.256777e-02, 1.500000e+00, 1.000000e+00, 5.000000e-01, 4.000000e+00, 4.000000e+00, 3.600000e+00
1.032500e+00, 3.428000e-02, 6.730730e-01, -6.387930e-01, 3.428000e-02, 1.500000e+00, 1.000000e+00, 5.000000e-01, 4.000000e+00, 4.000000e+00, 3.600000e+00
1.033000e+00, 3.430434e-02, 6.760461e-01, -6.417418e-01, 3.430434e-02, 1.500000e+00, 1.000000e+00, 5.000000e-01, 4.000000e+00, 4.000000e+00, 3.600000e+00
1.033500e+00, 3.483772e-02, 6.814251e-01, -6.465874e-01, 3.483772e-02, 1.500000e+00, 1.000000e+00, 5.000000e-01, 4.000000e+00, 4.000000e+00, 3.600000e+00
1.034000e+00, 3.198014e-02, 6.814054e-01, -6.494253e-01, 3.198014e-02, 1.500000e+00, 1.000000e+00, 5.000000e-01, 4.000000e+00, 4.000000e+00, 3.600000e+00
1.034500e+00, 3.271795e-02, 6.855601e-01, -6.528422e-01, 3.271795e-02, 1.500000e+00, 1.000000e+00, 5.000000e-01, 4.000000e+00, 4.000000e+00, 3.600000e+00
1.035000e+00, 3.334366e-02, 6.876169e-01, -6.542732e-01, 3.334366e-02, 1.500000e+00, 1.000000e+00, 5.000000e-01, 4.000000e+00, 4.000000e+00, 3.600000e+00
