9.300000e-01, 1.387591e-02, 4.918264e-03, 4.145989e-03, 4.811659e-03, 1.551951e-03, 5.294222e-03, 1.587888e-03, 5.441851e-03
9.305000e-01, 1.268505e-02, 4.530065e-03, 4.246813e-03, 3.908174e-03, 1.629902e-03, 4.668956e-03, 1.504873e-03, 4.881322e-03
9.310000e-01, 1.266222e-02, 4.030903e-03, 4.855983e-03, 3.775332e-03, 1.678901e-03, 4.720828e-03, 1.666377e-03, 4.596112e-03
9.315000e-01, 1.229357e-02, 4.103529e-03, 4.077105e-03, 4.112933e-03, 1.546309e-03, 4.240326e-03, 1.757938e-03, 4.748993e-03
9.320000e-01, 1.362991e-02, 4.592794e-03, 4.750973e-03, 4.286143e-03, 1.818102e-03, 4.973496e-03, 1.832385e-03, 5.005927e-03
9.325000e-01, 1.306932e-02, 4.115844e-03, 4.523033e-03, 4.430447e-03, 1.419971e-03, 5.235240e-03, 1.481061e-03, 4.933053e-03
9.330000e-01, 1.327329e-02, 4.527016e-03, 3.906418e-03, 4.839857e-03, 1.599789e-03, 5.339349e-03, 1.682883e-03, 4.651270e-03
9.335000e-01, 1.266206e-02, 4.270424e-03, 4.501312e-03, 3.890329e-03, 1.578109e-03, 5.033207e-03, 1.532930e-03, 4.517818e-03
9.340000e-01, 1.358184e-02, 4.919992e-03, 4.456581e-03, 4.205265e-03, 1.713022e-03, 5.292647e-03, 1.818629e-03, 4.757541e-03
9.345000e-01, 1.376207e-02, 4.630691e-03, 3.993324e-03, 5.138053e-03, 1.751165e-03, 4.669081e-03, 1.985014e-03, 5.356809e-03
9.350000e-01, 1.404260e-02, 4.547931e-03, 4.329126e-03, 5.165540e-03, 1.740449e-03, 5.059172e-03, 1.656872e-03, 5.586104e-03
9.355000e-01, 1.409391e-02, 4.036513e-03, 4.714351e-03, 5.343042e-03, 1.921360e-03, 5.396110e-03, 1.690163e-03, 5.086272e-03
9.360000e-01, 1.325280e-02, 4.695692e-03, 4.805340e-03, 3.751766e-03, 1.819913e-03, 4.814629e-03, 1.592885e-03, 5.025372e-03
9.365000e-01, 1.360485e-02, 4.633760e-03, 4.066115e-03, 4.904977e-03, 1.722799e-03, 4.672020e-03, 1.729452e-03, 5.480581e-03
9.370000e-01, 1.446162e-02, 5.352162e-03, 4.509913e-03, 4.599541e-03, 1.757390e-03, 5.854195e-03, 1.848352e-03, 5.001680e-03
9.375000e-01, 1.280139e-02, 4.202248e-03, 3.855576e-03, 4.743566e-03, 1.799623e-03, 5.025349e-03, 1.560961e-03, 4.415457e-03
9.380000e-01, 1.389859e-02, 4.456715e-03, 4.768040e-03, 4.673840e-03, 1.809392e-03, 4.572941e-03, 1.806651e-03, 5.709611e-03
9.385000e-01, 1.327336e-02, 4.273652e-03, 4.255426e-03, 4.744279e-03, 1.754225e-03, 4.838390e-03, 1.829149e-03, 4.851593e-03
9.390000e-01, 1.351681e-02, 4.659053e-03, 4.421834e-03, 4.435919e-03, 1.724547e-03, 5.117878e-03, 1.540296e-03, 5.134085e-03
9.395000e-01, 1.352057e-02, 4.114923e-03, 4.464852e-03, 4.940800e-03, 1.710978e-03, 5.323854e-03, 1.568619e-03, 4.917122e-03
9.400000e-01, 1.292213e-02, 4.788304e-03, 4.070515e-03, 4.063307e-03, 1.715690e-03, 4.813312e-03, 1.664398e-03, 4.728727e-03
9.405000e-01, 1.336194e-02, 4.999163e-03, 3.875068e-03, 4.487706e-03, 1.576001e-03, 5.269883e-03, 1.497187e-03, 5.018866e-03
9.410000e-01, 1.382080e-02, 4.677068e-03, 4.231052e-03, 4.912678e-03, 1.744596e-03, 4.932682e-03, 1.711807e-03, 5.431714e-03
9.415000e-01, 1.338703e-02, 4.704530e-03, 4.695140e-03, 3.987356e-03, 1.414484e-03, 5.315288e-03, 1.435919e-03, 5.221335e-03
9.420000e-01, 1.304415e-02, 4.680113e-03, 4.578452e-03, 3.785586e-03, 1.557307e-03, 5.109187e-03, 1.597956e-03, 4.779701e-03
9.425000e-01, 1.269853e-02, 4.304593e-03, 3.952326e-03, 4.441610e-03, 1.771640e-03, 4.996823e-03, 1.295080e-03, 4.634985e-03
9.430000e-01, 1.334464e-02, 4.362109e-03, 4.312018e-03, 4.670511e-03, 1.578787e-03, 4.693133e-03, 1.870657e-03, 5.202062e-03
9.435000e-01, 1.416671e-02, 4.879001e-03, 4.431577e-03, 4.856128e-03, 2.019040e-03, 5.108212e-03, 1.764879e-03, 5.274575e-03
9.440000e-01, 1.397467e-02, 4.556621e-03, 4.196966e-03, 5.221082e-03, 2.056662e-03, 5.308513e-03, 1.495030e-03, 5.114465e-03
9.445000e-01, 1.334210e-02, 4.598598e-03, 4.192441e-03, 4.551066e-03, 1.735025e-03, 5.425816e-03, 1.624192e-03, 4.557072e-03
9.450000e-01, 1.368820e-02, 4.100624e-03, 4.962200e-03, 4.625373e-03, 1.366429e-03, 5.344977e-03, 1.636058e-03, 5.340732e-03
9.455000e-01, 1.310240e-02, 4.305185e-03, 4.452908e-03, 4.344307e-03, 1.459859e-03, 5.157623e-03, 1.697615e-03, 4.787303e-03
9.460000e-01, 1.268879e-02, 4.364054e-03, 3.800433e-03, 4.524299e-03, 1.493594e-03, 4.784245e-03, 1.432491e-03, 4.978456e-03
9.465000e-01, 1.421086e-02, 4.597664e-03, 4.919507e-03, 4.693686e-03, 1.787952e-03, 5.449156e-03, 1.526881e-03, 5.446868e-03
9.470000e-01, 1.288066e-02, 4.345288e-03, 4.165081e-03, 4.370291e-03, 1.526478e-03, 5.338898e-03, 1.721213e-03, 4.294072e-03
9.475000e-01, 1.311930e-02, 3.948085e-03, 4.752286e-03, 4.418925e-03, 1.584210e-03, 4.676786e-03, 1.875977e-03, 4.982322e-03
9.480000e-01, 1.203453e-02, 4.095609e-03, 3.633504e-03, 4.305417e-03, 1.701942e-03, 4.222184e-03, 1.564460e-03, 4.545943e-03
9.485000e-01, 1.190422e-02, 3.789713e-03, 4.290285e-03, 3.824220e-03, 1.418811e-03, 4.036696e-03, 1.900411e-03, 4.548299e-03
9.490000e-01, 1.374120e-02, 4.787333e-03, 4.557147e-03, 4.396717e-03, 1.540135e-03, 5.743347e-03, 1.632444e-03, 4.825272e-03
9.495000e-01, 1.295190e-02, 4.431725e-03, 4.296566e-03, 4.223610e-03, 1.701186e-03, 4.291260e-03, 1.556190e-03, 5.403265e-03
9.500000e-01, 1.408985e-02, 4.933252e-03, 4.423044e-03, 4.733558e-03, 1.866834e-03, 5.719932e-03, 1.478589e-03, 5.024500e-03
9.505000e-01, 1.346962e-02, 4.896602e-03, 4.412257e-03, 4.160762e-03, 1.651952e-03, 5.345500e-03, 1.507629e-03, 4.964540e-03
9.510000e-01, 1.271954e-02, 4.609545e-03, 3.982811e-03, 4.127186e-03, 1.505147e-03, 5.340032e-03, 1.760149e-03, 4.114215e-03
9.515000e-01, 1.342169e-02, 4.074748e-03, 4.873200e-03, 4.473739e-03, 1.772152e-03, 5.268252e-03, 1.562357e-03, 4.818926e-03
9.520000e-01, 1.344098e-02, 4.764786e-03, 4.306670e-03, 4.369527e-03, 1.734055e-03, 5.388054e-03, 1.729642e-03, 4.589231e-03
9.525000e-01, 1.281741e-02, 4.187582e-03, 4.679635e-03, 3.950197e-03, 1.642670e-03, 4.656429e-03, 1.608211e-03, 4.910105e-03
9.530000e-01, 1.382740e-02, 4.455384e-03, 4.357288e-03, 5.014732e-03, 1.774019e-03, 4.889057e-03, 1.635914e-03, 5.528415e-03
9.535000e-01, 1.303389e-02, 3.896320e-03, 4.442574e-03, 4.694992e-03, 1.498255e-03, 4.634535e-03, 1.398583e-03, 5.502513e-03
9.540000e-01, 1.391398e-02, 4.332777e-03, 4.967214e-03, 4.613993e-03, 1.805278e-03, 5.123224e-03, 1.821193e-03, 5.164290e-03
9.545000e-01, 1.375642e-02, 4.788364e-03, 4.821705e-03, 4.146351e-03, 1.604539e-03, 5.148692e-03, 1.672364e-03, 5.330825e-03
9.550000e-01, 1.360139e-02, 4.735770e-03, 3.922079e-03, 4.943543e-03, 1.718306e-03, 4.738029e-03, 1.741291e-03, 5.403768e-03
9.555000e-01, 1.353423e-02, 4.270818e-03, 4.644853e-03, 4.618554e-03, 1.582446e-03, 5.285789e-03, 1.654954e-03, 5.011037e-03
9.560000e-01, 1.353136e-02, 3.599793e-03, 4.944100e-03, 4.987468e-03, 1.552486e-03, 5.210874e-03, 1.752727e-03, 5.015274e-03
9.565000e-01, 1.305558e-02, 4.208070e-03, 4.350212e-03, 4.497303e-03, 1.610614e-03, 4.668891e-03, 1.777380e-03, 4.998699e-03
9.570000e-01, 1.280229e-02, 4.553267e-03, 4.161662e-03, 4.087362e-03, 1.578747e-03, 4.930416e-03, 1.497620e-03, 4.795507e-03
9.575000e-01, 1.212877e-02, 4.120048e-03, 3.841102e-03, 4.167620e-03, 1.705582e-03, 4.413338e-03, 1.391445e-03, 4.618405e-03
9.580000e-01, 1.397969e-02, 4.539506e-03, 4.648124e-03, 4.792061e-03, 1.542620e-03, 5.271554e-03, 1.640422e-03, 5.525096e-03
9.585000e-01, 1.322553e-02, 4.022428e-03, 4.511472e-03, 4.691634e-03, 1.751928e-03, 4.993552e-03, 1.682584e-03, 4.797469e-03
9.590000e-01, 1.389485e-02, 4.441776e-03, 4.551033e-03, 4.902039e-03, 1.526009e-03, 5.308538e-03, 1.624471e-03, 5.435830e-03
9.595000e-01, 1.371644e-02, 4.785817e-03, 4.623469e-03, 4.307152e-03, 1.521559e-03, 5.291730e-03, 1.656449e-03, 5.246700e-03
9.600000e-01, 1.309109e-02, 4.459914e-03, 3.855750e-03, 4.775423e-03, 1.666446e-03, 5.183499e-03, 1.610043e-03, 4.631098e-03
9.605000e-01, 1.389940e-02, 4.351978e-03, 5.216147e-03, 4.331279e-03, 1.492414e-03, 5.284336e-03, 1.821323e-03, 5.301329e-03
9.610000e-01, 1.411599e-02, 4.178030e-03, 4.751888e-03, 5.186071e-03, 1.837332e-03, 5.609816e-03, 1.836219e-03, 4.832622e-03
9.615000e-01, 1.392127e-02, 4.470953e-03, 4.363295e-03, 5.087022e-03, 1.666060e-03, 5.697031e-03, 1.482942e-03, 5.075238e-03
9.620000e-01, 1.457698e-02, 4.614086e-03, 5.045312e-03, 4.917577e-03, 1.860007e-03, 5.198101e-03, 1.421929e-03, 6.096939e-03
9.625000e-01, 1.350112e-02, 4.683196e-03, 4.768891e-03, 4.049028e-03, 1.770445e-03, 4.670698e-03, 1.817440e-03, 5.242533e-03
9.630000e-01, 1.267798e-02, 4.695912e-03, 4.359414e-03, 3.622656e-03, 1.674132e-03, 4.745345e-03, 1.560941e-03, 4.697564e-03
9.635000e-01, 1.382705e-02, 5.187441e-03, 4.106331e-03, 4.533276e-03, 1.968958e-03, 5.521295e-03, 1.684527e-03, 4.652268e-03
9.640000e-01, 1.413527e-02, 4.659479e-03, 5.052816e-03, 4.422973e-03, 1.737613e-03, 5.200615e-03, 1.748009e-03, 5.449031e-03
9.645000e-01, 1.397498e-02, 4.426566e-03, 4.590363e-03, 4.958047e-03, 1.857741e-03, 5.707140e-03, 1.487752e-03, 4.922343e-03
9.650000e-01, 1.328606e-02, 3.942900e-03, 5.097583e-03, 4.245582e-03, 1.481471e-03, 5.070258e-03, 1.508947e-03, 5.225388e-03
9.655000e-01, 1.304662e-02, 4.435621e-03, 4.131168e-03, 4.479836e-03, 1.660926e-03, 4.375393e-03, 1.684995e-03, 5.325310e-03
9.660000e-01, 1.306555e-02, 4.862523e-03, 4.259336e-03, 3.943694e-03, 1.583210e-03, 4.834550e-03, 1.570795e-03, 5.076998e-03
9.665000e-01, 1.327890e-02, 4.571090e-03, 3.948663e-03, 4.759145e-03, 1.462076e-03, 4.463062e-03, 1.852524e-03, 5.501235e-03
9.670000e-01, 1.331364e-02, 4.654172e-03, 4.744689e-03, 3.914779e-03, 1.498872e-03, 4.986678e-03, 1.629059e-03, 5.199031e-03
9.675000e-01, 1.386304e-02, 5.182357e-03, 4.207250e-03, 4.473429e-03, 1.751505e-03, 5.029071e-03, 1.921056e-03, 5.161404e-03
9.680000e-01, 1.271111e-02, 4.166019e-03, 4.072052e-03, 4.473034e-03, 1.420429e-03, 5.242785e-03, 1.701151e-03, 4.346741e-03
9.685000e-01, 1.233863e-02, 4.649995e-03, 3.830870e-03, 3.857761e-03, 1.746619e-03, 4.805388e-03, 1.701164e-03, 4.085455e-03
9.690000e-01, 1.349596e-02, 4.896853e-03, 4.320025e-03, 4.279084e-03, 1.660778e-03, 5.711693e-03, 1.534544e-03, 4.588948e-03
9.695000e-01, 1.429532e-02, 4.762962e-03, 5.014120e-03, 4.518239e-03, 1.574341e-03, 6.006540e-03, 1.790288e-03, 4.924152e-03
9.700000e-01, 1.390917e-02, 4.351823e-03, 4.708995e-03, 4.848355e-03, 1.474736e-03, 5.870382e-03, 1.869786e-03, 4.694269e-03
9.705000e-01, 1.307800e-02, 4.668168e-03, 3.896039e-03, 4.513794e-03, 1.602633e-03, 5.155507e-03, 1.639979e-03, 4.679881e-03
9.710000e-01, 1.349807e-02, 4.185622e-03, 4.478305e-03, 4.834147e-03, 1.739184e-03, 4.717125e-03, 1.543763e-03, 5.498002e-03
9.715000e-01, 1.366573e-02, 4.600654e-03, 4.508722e-03, 4.556359e-03, 1.496519e-03, 5.032192e-03, 1.494735e-03, 5.642288e-03
9.720000e-01, 1.335363e-02, 4.473537e-03, 4.361015e-03, 4.519075e-03, 1.756579e-03, 4.536428e-03, 1.483905e-03, 5.576715e-03
9.725000e-01, 1.346038e-02, 4.554208e-03, 4.426652e-03, 4.479518e-03, 1.439768e-03, 5.276128e-03, 1.782457e-03, 4.962026e-03
9.730000e-01, 1.331327e-02, 4.602972e-03, 4.428765e-03, 4.281533e-03, 1.563565e-03, 4.997064e-03, 2.003295e-03, 4.749346e-03
9.735000e-01, 1.286022e-02, 4.936439e-03, 4.032451e-03, 3.891332e-03, 1.673193e-03, 4.967252e-03, 1.654336e-03, 4.565441e-03
9.740000e-01, 1.363305e-02, 4.213911e-03, 5.040876e-03, 4.378262e-03, 1.728871e-03, 5.061932e-03, 1.456064e-03, 5.386183e-03
9.745000e-01, 1.438142e-02, 5.266826e-03, 4.084212e-03, 5.030381e-03, 1.695592e-03, 5.524578e-03, 1.635025e-03, 5.526224e-03
9.750000e-01, 1.353968e-02, 4.948673e-03, 3.846219e-03, 4.744789e-03, 1.711588e-03, 5.189891e-03, 1.790571e-03, 4.847630e-03
9.755000e-01, 1.349984e-02, 4.537682e-03, 4.718896e-03, 4.243264e-03, 1.684769e-03, 4.739952e-03, 1.815191e-03, 5.259930e-03
9.760000e-01, 1.321085e-02, 4.703560e-03, 4.512206e-03, 3.995089e-03, 1.823875e-03, 4.872645e-03, 1.593019e-03, 4.921316e-03
9.765000e-01, 1.389035e-02, 4.082093e-03, 4.948262e-03, 4.859999e-03, 1.901142e-03, 5.307999e-03, 1.664441e-03, 5.016772e-03
9.770000e-01, 1.397303e-02, 4.930344e-03, 3.995532e-03, 5.047152e-03, 1.766113e-03, 5.483464e-03, 1.828104e-03, 4.895347e-03
9.775000e-01, 1.268639e-02, 4.043427e-03, 3.600078e-03, 5.042885e-03, 1.532398e-03, 4.469366e-03, 1.468261e-03, 5.216365e-03
9.780000e-01, 1.308594e-02, 4.629307e-03, 4.343533e-03, 4.113098e-03, 1.427364e-03, 5.086652e-03, 1.611367e-03, 4.960556e-03
9.785000e-01, 1.464667e-02, 5.134712e-03, 4.688664e-03, 4.823295e-03, 1.943570e-03, 5.673547e-03, 1.805300e-03, 5.224254e-03
9.790000e-01, 1.335103e-02, 4.303190e-03, 4.674683e-03, 4.373153e-03, 1.575755e-03, 5.245180e-03, 1.651978e-03, 4.878113e-03
9.795000e-01, 1.406356e-02, 4.281130e-03, 4.983063e-03, 4.799366e-03, 1.539889e-03, 5.535379e-03, 1.863249e-03, 5.125042e-03
9.800000e-01, 1.346384e-02, 4.400998e-03, 4.362062e-03, 4.700774e-03, 1.528768e-03, 5.632194e-03, 1.596910e-03, 4.705962e-03
9.805000e-01, -1.400586e-02, 4.150557e-03, -2.244729e-02, 4.290873e-03, -6.055855e-03, -5.236749e-04, -6.153031e-03, -1.273300e-03
9.810000e-01, 1.323051e-02, 4.560590e-03, 4.211720e-03, 4.458195e-03, 1.726841e-03, 4.791040e-03, 1.788160e-03, 4.924464e-03
9.815000e-01, 1.314707e-02, 4.346958e-03, 4.071787e-03, 4.728325e-03, 1.693916e-03, 4.882398e-03, 1.764192e-03, 4.806565e-03
9.820000e-01, -1.217644e-01, -4.943601e-02, -2.251156e-02, -4.981682e-02, -3.330831e-02, -2.753234e-02, -3.328209e-02, -2.764165e-02
9.825000e-01, -1.769301e-01, -7.705341e-02, -4.988063e-02, -4.999609e-02, -4.660579e-02, -4.190943e-02, -4.655002e-02, -4.186489e-02
9.830000e-01, -1.214694e-01, -2.236610e-02, -4.919592e-02, -4.990741e-02, -3.313679e-02, -2.741845e-02, -3.344181e-02, -2.747239e-02
9.835000e-01, -1.769347e-01, -4.985851e-02, -7.659309e-02, -5.048312e-02, -4.663729e-02, -4.216639e-02, -4.666688e-02, -4.146416e-02
9.840000e-01, -2.293620e-01, -7.640513e-02, -7.632365e-02, -7.663324e-02, -6.211238e-02, -5.255241e-02, -6.215732e-02, -5.253991e-02
9.845000e-01, -2.305176e-01, -7.690571e-02, -7.696226e-02, -7.664961e-02, -6.214323e-02, -5.287157e-02, -6.228948e-02, -5.321330e-02
9.850000e-01, -2.311568e-01, -7.736241e-02, -7.714922e-02, -7.664521e-02, -6.228943e-02, -5.320757e-02, -6.225623e-02, -5.340359e-02
9.855000e-01, -2.310909e-01, -7.668129e-02, -7.735472e-02, -7.705488e-02, -6.229342e-02, -5.342571e-02, -6.225081e-02, -5.312095e-02
9.860000e-01, -2.304505e-01, -7.646937e-02, -7.671563e-02, -7.726551e-02, -6.218914e-02, -5.262552e-02, -6.226893e-02, -5.336691e-02
9.865000e-01, -2.300482e-01, -7.625103e-02, -7.699736e-02, -7.679985e-02, -6.216151e-02, -5.312950e-02, -6.228234e-02, -5.247489e-02
9.870000e-01, -2.317030e-01, -7.687436e-02, -7.738803e-02, -7.744063e-02, -6.246692e-02, -5.314595e-02, -6.258099e-02, -5.350915e-02
9.875000e-01, -2.298691e-01, -7.698552e-02, -7.637766e-02, -7.650596e-02, -6.231537e-02, -5.299878e-02, -6.223264e-02, -5.232236e-02
9.880000e-01, -2.308411e-01, -7.635039e-02, -7.754891e-02, -7.694177e-02, -6.233777e-02, -5.332644e-02, -6.224763e-02, -5.292923e-02
9.885000e-01, -2.308948e-01, -7.689303e-02, -7.716627e-02, -7.683547e-02, -6.229322e-02, -5.256517e-02, -6.222800e-02, -5.380838e-02
9.890000e-01, -2.312009e-01, -7.671642e-02, -7.733346e-02, -7.715105e-02, -6.227689e-02, -5.305685e-02, -6.224326e-02, -5.362393e-02
9.895000e-01, -2.312740e-01, -7.688535e-02, -7.683361e-02, -7.755508e-02, -6.245724e-02, -5.309250e-02, -6.248504e-02, -5.323926e-02
9.900000e-01, -2.301147e-01, -7.644525e-02, -7.661202e-02, -7.705746e-02, -6.200073e-02, -5.246202e-02, -6.234564e-02, -5.330633e-02
9.905000e-01, -2.303982e-01, -7.627859e-02, -7.746986e-02, -7.664974e-02, -6.230492e-02, -5.306431e-02, -6.230519e-02, -5.272378e-02
9.910000e-01, -2.317868e-01, -7.732531e-02, -7.710959e-02, -7.735187e-02, -6.239119e-02, -5.303002e-02, -6.254616e-02, -5.381939e-02
9.915000e-01, -2.308088e-01, -7.656861e-02, -7.709349e-02, -7.714665e-02, -6.209477e-02, -5.327163e-02, -6.245983e-02, -5.298253e-02
9.920000e-01, -2.316821e-01, -7.652570e-02, -7.732653e-02, -7.782988e-02, -6.241908e-02, -5.340254e-02, -6.250506e-02, -5.335543e-02
9.925000e-01, -2.304607e-01, -7.636822e-02, -7.675661e-02, -7.733583e-02, -6.234027e-02, -5.331499e-02, -6.229421e-02, -5.251121e-02
9.930000e-01, -2.296790e-01, -7.711813e-02, -7.634425e-02, -7.621657e-02, -6.254034e-02, -5.239619e-02, -6.218560e-02, -5.255683e-02
9.935000e-01, -2.313370e-01, -7.740807e-02, -7.715483e-02, -7.677409e-02, -6.242544e-02, -5.360181e-02, -6.221866e-02, -5.309107e-02
9.940000e-01, -2.305744e-01, -7.657949e-02, -7.679196e-02, -7.720299e-02, -6.225871e-02, -5.249059e-02, -6.220973e-02, -5.361541e-02
9.945000e-01, -2.311239e-01, -7.752903e-02, -7.657418e-02, -7.702069e-02, -6.242449e-02, -5.368528e-02, -6.251707e-02, -5.249707e-02
9.950000e-01, -2.305279e-01, -7.669158e-02, -7.670634e-02, -7.712994e-02, -6.217719e-02, -5.302684e-02, -6.207661e-02, -5.324723e-02
9.955000e-01, -2.318454e-01, -7.721028e-02, -7.721811e-02, -7.741704e-02, -6.235931e-02, -5.368567e-02, -6.223773e-02, -5.356271e-02
9.960000e-01, -2.266411e-01, -7.654406e-02, -7.315586e-02, -7.694116e-02, -6.247699e-02, -5.225945e-02, -5.905073e-02, -5.285391e-02
9.965000e-01, -2.269961e-01, -7.663037e-02, -7.372555e-02, -7.664014e-02, -5.903525e-02, -5.280048e-02, -6.224241e-02, -5.291792e-02
9.970000e-01, -2.165258e-01, -6.596160e-02, -7.683901e-02, -7.372522e-02, -5.436742e-02, -4.997199e-02, -5.968632e-02, -5.250009e-02
9.975000e-01, -2.236715e-01, -7.084624e-02, -7.669090e-02, -7.613435e-02, -5.977848e-02, -5.341998e-02, -5.770202e-02, -5.277101e-02
9.980000e-01, -1.908473e-01, -6.455399e-02, -7.661390e-02, -4.967944e-02, -5.398267e-02, -4.720795e-02, -4.650827e-02, -4.314845e-02
9.985000e-01, -1.702657e-01, -6.660905e-02, -3.689966e-02, -6.675695e-02, -4.467784e-02, -4.226507e-02, -4.646756e-02, -3.685519e-02
9.990000e-01, -1.739053e-01, -6.205639e-02, -6.193845e-02, -4.991041e-02, -4.294681e-02, -4.518300e-02, -4.088768e-02, -4.488776e-02
9.995000e-01, -9.703933e-02, -2.825120e-02, -3.647897e-02, -3.230915e-02, -3.322211e-02, -2.007839e-02, -2.726052e-02, -1.647830e-02
1.000000e+00, -1.004145e-01, -2.848507e-02, -2.231595e-02, -4.961344e-02, -2.819464e-02, -2.013178e-02, -3.192552e-02, -2.016251e-02
1.000500e+00, -6.925837e-02, -2.360100e-02, -2.232476e-02, -2.333261e-02, -2.350666e-02, -1.168266e-02, -2.137746e-02, -1.269159e-02
1.001000e+00, -4.071152e-02, -2.313565e-02, 4.312776e-03, -2.188865e-02, -1.387007e-02, -6.276355e-03, -1.446975e-02, -6.095345e-03
1.001500e+00, -4.409181e-02, 7.321697e-04, -2.208240e-02, -2.274158e-02, -1.396560e-02, -9.794232e-03, -1.385459e-02, -6.477385e-03
1.002000e+00, -3.987980e-02, -2.215617e-02, 4.804112e-03, -2.252774e-02, -1.392485e-02, -6.001167e-03, -1.371282e-02, -6.240970e-03
1.002500e+00, 1.294908e-02, 4.107866e-03, 4.266361e-03, 4.574854e-03, 1.855952e-03, 4.269335e-03, 1.614274e-03, 5.209519e-03
1.003000e+00, 1.300583e-02, 5.104716e-03, 2.618062e-03, 5.283048e-03, 1.683330e-03, 5.508755e-03, 1.854128e-03, 3.959614e-03
1.003500e+00, 1.054057e-02, 3.881651e-03, 4.195055e-03, 2.463859e-03, 1.835173e-03, 3.944794e-03, 1.501940e-03, 3.258659e-03
1.004000e+00, 1.302656e-02, 4.702520e-03, 4.129849e-03, 4.194193e-03, 1.716155e-03, 5.087400e-03, 1.503884e-03, 4.719123e-03
1.004500e+00, 1.485930e-02, 5.092204e-03, 4.508749e-03, 5.258345e-03, 1.700860e-03, 6.042578e-03, 1.760204e-03, 5.355658e-03
1.005000e+00, 1.420597e-02, 4.450178e-03, 4.662083e-03, 5.093709e-03, 1.838464e-03, 5.491317e-03, 1.541851e-03, 5.334338e-03
1.005500e+00, 1.378755e-02, 4.438625e-03, 4.545790e-03, 4.803132e-03, 1.576336e-03, 5.547425e-03, 1.695808e-03, 4.967976e-03
1.006000e+00, 1.281454e-02, 4.248204e-03, 4.469210e-03, 4.097127e-03, 1.757016e-03, 4.505161e-03, 1.803345e-03, 4.749018e-03
1.006500e+00, 1.253914e-02, 4.139226e-03, 4.238406e-03, 4.161510e-03, 1.630226e-03, 4.190653e-03, 1.622056e-03, 5.096206e-03
1.007000e+00, 1.356494e-02, 4.570592e-03, 4.760311e-03, 4.234038e-03, 1.562214e-03, 5.391361e-03, 1.440334e-03, 5.171031e-03
1.007500e+00, 1.358638e-02, 4.019472e-03, 4.934173e-03, 4.632732e-03, 1.628885e-03, 4.998633e-03, 1.693416e-03, 5.265443e-03
1.008000e+00, 1.362089e-02, 4.172190e-03, 4.376148e-03, 5.072549e-03, 1.807571e-03, 4.708721e-03, 1.789905e-03, 5.314690e-03
1.008500e+00, 1.379667e-02, 4.701043e-03, 4.184695e-03, 4.910933e-03, 1.588317e-03, 4.523154e-03, 2.205567e-03, 5.479633e-03
1.009000e+00, 1.452268e-02, 4.414585e-03, 4.987215e-03, 5.120881e-03, 1.649440e-03, 5.222052e-03, 1.820832e-03, 5.830356e-03
1.009500e+00, 1.476004e-02, 4.851361e-03, 4.922116e-03, 4.986567e-03, 2.246060e-03, 5.544569e-03, 1.909448e-03, 5.059968e-03
1.010000e+00, 1.515510e-02, 4.924367e-03, 5.402713e-03, 4.828019e-03, 1.840922e-03, 5.406159e-03, 1.953324e-03, 5.954695e-03
1.010500e+00, 9.809626e-03, 5.844638e-03, 4.609064e-03, -6.440754e-04, -2.531936e-04, 4.673675e-03, 1.051756e-03, 4.337389e-03
1.011000e+00, 1.094376e-02, 7.936531e-04, 4.849762e-03, 5.300344e-03, -5.520360e-04, 4.809565e-03, 1.848785e-03, 4.837445e-03
1.011500e+00, 1.323839e-02, 3.944390e-03, 4.792065e-03, 4.501938e-03, 1.841714e-03, 4.999131e-03, 1.827941e-03, 4.569607e-03
1.012000e+00, 1.299828e-02, 4.230492e-03, 3.624890e-03, 5.142896e-03, 1.591495e-03, 4.923609e-03, 1.137458e-03, 5.345716e-03
1.012500e+00, 1.370742e-02, 4.810337e-03, 5.168885e-03, 3.728196e-03, 1.774748e-03, 4.971394e-03, 1.677902e-03, 5.283375e-03
1.013000e+00, 1.360557e-02, 4.105282e-03, 4.982347e-03, 4.517939e-03, 1.556766e-03, 5.153419e-03, 1.848004e-03, 5.047381e-03
1.013500e+00, 1.382462e-02, 4.509042e-03, 4.352377e-03, 4.963203e-03, 1.800341e-03, 5.574477e-03, 1.790140e-03, 4.659663e-03
1.014000e+00, 1.345967e-02, 4.397017e-03, 4.632696e-03, 4.429961e-03, 1.731952e-03, 4.881155e-03, 2.046112e-03, 4.800455e-03
1.014500e+00, 1.342124e-02, 3.889762e-03, 4.726382e-03, 4.805096e-03, 1.643185e-03, 5.143479e-03, 1.895266e-03, 4.739311e-03
1.015000e+00, 1.338079e-02, 4.652936e-03, 4.221469e-03, 4.506384e-03, 1.505567e-03, 4.901969e-03, 1.532122e-03, 5.441130e-03
1.015500e+00, 1.417802e-02, 4.294865e-03, 4.979761e-03, 4.903390e-03, 1.754939e-03, 5.511708e-03, 1.657257e-03, 5.254112e-03
1.016000e+00, 1.345183e-02, 4.535390e-03, 4.110945e-03, 4.805496e-03, 1.686303e-03, 5.361858e-03, 1.583898e-03, 4.819772e-03
1.016500e+00, 1.274541e-02, 4.859939e-03, 3.935494e-03, 3.949976e-03, 1.696109e-03, 4.821081e-03, 1.550674e-03, 4.677545e-03
1.017000e+00, 1.468765e-02, 5.388978e-03, 4.911528e-03, 4.387141e-03, 1.729614e-03, 5.414053e-03, 2.033552e-03, 5.510430e-03
1.017500e+00, 1.305951e-02, 3.894093e-03, 4.784744e-03, 4.380677e-03, 1.523990e-03, 5.160565e-03, 1.868260e-03, 4.506698e-03
1.018000e+00, 1.316083e-02, 4.771114e-03, 4.272091e-03, 4.117621e-03, 1.664531e-03, 5.004772e-03, 1.830704e-03, 4.660819e-03
1.018500e+00, 1.380098e-02, 4.110343e-03, 4.798091e-03, 4.892545e-03, 1.899317e-03, 5.289579e-03, 1.766046e-03, 4.846037e-03
1.019000e+00, 1.590559e-02, 5.584452e-03, 4.914493e-03, 5.406647e-03, 2.130333e-03, 5.934174e-03, 2.154802e-03, 5.686284e-03
1.019500e+00, 1.525423e-02, 5.155903e-03, 5.068646e-03, 5.029681e-03, 2.057755e-03, 5.042690e-03, 1.860451e-03, 6.293335e-03
1.020000e+00, 1.418051e-02, 4.672789e-03, 4.972719e-03, 4.535006e-03, 1.755804e-03, 5.193366e-03, 2.224481e-03, 5.006863e-03
1.020500e+00, 1.560422e-02, 5.729977e-03, 4.898512e-03, 4.975728e-03, 2.005552e-03, 6.368215e-03, 1.886258e-03, 5.344192e-03
1.021000e+00, 1.469693e-02, 4.955986e-03, 5.186718e-03, 4.554223e-03, 2.223226e-03, 4.964565e-03, 2.344652e-03, 5.164484e-03
1.021500e+00, 1.489044e-02, 5.336070e-03, 4.412822e-03, 5.141551e-03, 1.709812e-03, 5.883544e-03, 2.161077e-03, 5.136011e-03
1.022000e+00, 1.532152e-02, 5.102598e-03, 4.970265e-03, 5.248661e-03, 2.330877e-03, 4.877945e-03, 2.232715e-03, 5.879986e-03
1.022500e+00, 1.563214e-02, 4.722778e-03, 5.398836e-03, 5.510530e-03, 2.202768e-03, 5.876826e-03, 2.345563e-03, 5.206987e-03
1.023000e+00, 1.546174e-02, 5.194929e-03, 5.633781e-03, 4.633034e-03, 2.266433e-03, 5.613282e-03, 2.342820e-03, 5.239208e-03
1.023500e+00, 1.568107e-02, 4.951509e-03, 5.107643e-03, 5.621923e-03, 2.386378e-03, 5.249632e-03, 2.295230e-03, 5.749836e-03
1.024000e+00, 1.560554e-02, 5.637779e-03, 4.480273e-03, 5.487490e-03, 2.301217e-03, 5.124907e-03, 2.160004e-03, 6.019415e-03
1.024500e+00, 1.686724e-02, 5.710680e-03, 5.046372e-03, 6.110190e-03, 2.432474e-03, 5.630883e-03, 2.931406e-03, 5.872478e-03
1.025000e+00, 1.806097e-02, 6.915601e-03, 5.449226e-03, 5.696142e-03, 2.476809e-03, 6.454108e-03, 2.956604e-03, 6.173449e-03
1.025500e+00, 1.902915e-02, 6.351229e-03, 6.457566e-03, 6.220350e-03, 2.886274e-03, 7.162200e-03, 3.283778e-03, 5.696893e-03
1.026000e+00, 1.735755e-02, 6.043157e-03, 5.714956e-03, 5.599437e-03, 2.752964e-03, 6.009185e-03, 2.840607e-03, 5.754794e-03
1.026500e+00, 1.774717e-02, 6.301831e-03, 5.123299e-03, 6.322038e-03, 2.677474e-03, 6.111212e-03, 2.642570e-03, 6.315912e-03
1.027000e+00, 1.897084e-02, 5.839649e-03, 6.627530e-03, 6.503666e-03, 3.056970e-03, 7.280283e-03, 2.360364e-03, 6.273229e-03
1.027500e+00, 2.074518e-02, 7.476624e-03, 7.576853e-03, 5.691698e-03, 2.802089e-03, 7.875616e-03, 3.025421e-03, 7.042049e-03
1.028000e+00, 2.018960e-02, 7.318010e-03, 5.991063e-03, 6.880530e-03, 3.346458e-03, 6.094221e-03, 2.857714e-03, 7.891210e-03
1.028500e+00, 2.247353e-02, 7.973010e-03, 6.977864e-03, 7.522659e-03, 3.817211e-03, 7.829764e-03, 3.352940e-03, 7.473618e-03
1.029000e+00, 2.363854e-02, 8.627579e-03, 7.136871e-03, 7.874085e-03, 4.135676e-03, 7.909996e-03, 3.461080e-03, 8.131782e-03
1.029500e+00, 2.117776e-02, 6.814781e-03, 7.593275e-03, 6.769708e-03, 2.933478e-03, 7.100244e-03, 3.357780e-03, 7.786263e-03
1.030000e+00, 2.295967e-02, 7.588736e-03, 8.067755e-03, 7.303181e-03, 3.265947e-03, 8.831795e-03, 3.155205e-03, 7.706726e-03
1.030500e+00, 2.265141e-02, 6.758138e-03, 7.477936e-03, 8.415333e-03, 3.059459e-03, 7.115357e-03, 3.342383e-03, 9.134208e-03
1.031000e+00, 2.482365e-02, 8.361665e-03, 7.924417e-03, 8.537564e-03, 3.202132e-03, 7.971534e-03, 4.418461e-03, 9.231518e-03
1.031500e+00, 2.730989e-02, 8.889098e-03, 9.761304e-03, 8.659489e-03, 4.408479e-03, 9.209078e-03, 3.800254e-03, 9.892081e-03
1.032000e+00, 2.911217e-02, 9.498396e-03, 9.216057e-03, 1.039771e-02, 4.998912e-03, 1.010767e-02, 4.095518e-03, 9.910071e-03
1.032500e+00, 2.512157e-02, 8.778150e-03, 7.827479e-03, 8.515945e-03, 3.943484e-03, 8.674405e-03, 2.805660e-03, 9.698023e-03
1.033000e+00, 2.843816e-02, 9.585170e-03, 9.931880e-03, 8.921110e-03, 3.465204e-03, 1.075530e-02, 4.352383e-03, 9.865268e-03
1.033500e+00, 2.699935e-02, 8.820919e-03, 8.508259e-03, 9.670169e-03, 3.131132e-03, 1.073168e-02, 3.173494e-03, 9.963041e-03
1.034000e+00, 2.777392e-02, 8.273364e-03, 1.017047e-02, 9.330090e-03, 3.475352e-03, 1.068181e-02, 3.356255e-03, 1.026051e-02
1.034500e+00, 2.942709e-02, 1.028915e-02, 1.033085e-02, 8.807086e-03, 4.142589e-03, 1.117990e-02, 4.060663e-03, 1.004394e-02
1.035000e+00, 2.742636e-02, 8.936671e-03, 9.340053e-03, 9.149636e-03, 3.712552e-03, 9.534811e-03, 3.645393e-03, 1.053360e-02
