9.300000e-01, 1.387591e-02, 8.007311e-02, -6.619720e-02, 1.387591e-02, 1.500000e+00, 1.000000e+00, 5.000000e-01, 4.000000e+00, 4.000000e+00, 4.200000e+00
9.305000e-01, 1.268505e-02, 8.007370e-02, -6.738865e-02, 1.268505e-02, 1.500000e+00, 1.000000e+00, 5.000000e-01, 4.000000e+00, 4.000000e+00, 4.200000e+00
9.310000e-01, 1.266222e-02, 8.007924e-02, -6.741702e-02, 1.266222e-02, 1.500000e+00, 1.000000e+00, 5.000000e-01, 4.000000e+00, 4.000000e+00, 4.200000e+00
9.315000e-01, 1.229357e-02, 8.008108e-02, -6.778751e-02, 1.229357e-02, 1.500000e+00, 1.000000e+00, 5.000000e-01, 4.000000e+00, 4.000000e+00, 4.200000e+00
9.320000e-01, 1.362991e-02, 8.007594e-02, -6.644603e-02, 1.362991e-02, 1.500000e+00, 1.000000e+00, 5.000000e-01, 4.000000e+00, 4.000000e+00, 4.200000e+00
9.325000e-01, 1.306932e-02, 8.007943e-02, -6.701010e-02, 1.306932e-02, 1.500000e+00, 1.000000e+00, 5.000000e-01, 4.000000e+00, 4.000000e+00, 4.200000e+00
9.330000e-01, 1.327329e-02, 8.007417e-02, -6.680088e-02, 1.327329e-02, 1.500000e+00, 1.000000e+00, 5.000000e-01, 4.000000e+00, 4.000000e+00, 4.200000e+00
9.335000e-01, 1.266206e-02, 8.007473e-02, -6.741267e-02, 1.266206e-02, 1.500000e+00, 1.000000e+00, 5.000000e-01, 4.000000e+00, 4.000000e+00, 4.200000e+00
9.340000e-01, 1.358184e-02, 8.008824e-02, -6.650640e-02, 1.358184e-02, 1.500000e+00, 1.000000e+00, 5.000000e-01, 4.000000e+00, 4.000000e+00, 4.200000e+00
9.345000e-01, 1.376207e-02, 8.008452e-02, -6.632245e-02, 1.376207e-02, 1.500000e+00, 1.000000e+00, 5.000000e-01, 4.000000e+00, 4.000000e+00, 4.200000e+00
9.350000e-01, 1.404260e-02, 8.008250e-02, -6.603990e-02, 1.404260e-02, 1.500000e+00, 1.000000e+00, 5.000000e-01, 4.000000e+00, 4.000000e+00, 4.200000e+00
9.355000e-01, 1.409391e-02, 8.007794e-02, -6.598404e-02, 1.409391e-02, 1.500000e+00, 1.000000e+00, 5.000000e-01, 4.000000e+00, 4.000000e+00, 4.200000e+00
9.360000e-01, 1.325280e-02, 8.007707e-02, -6.682427e-02, 1.325280e-02, 1.500000e+00, 1.000000e+00, 5.000000e-01, 4.000000e+00, 4.000000e+00, 4.200000e+00
9.365000e-01, 1.360485e-02, 8.008119e-02, -6.647634e-02, 1.360485e-02, 1.500000e+00, 1.000000e+00, 5.000000e-01, 4.000000e+00, 4.000000e+00, 4.200000e+00
9.370000e-01, 1.446162e-02, 8.008093e-02, -6.561931e-02, 1.446162e-02, 1.500000e+00, 1.000000e+00, 5.000000e-01, 4.000000e+00, 4.000000e+00, 4.200000e+00
9.375000e-01, 1.280139e-02, 8.008578e-02, -6.728439e-02, 1.280139e-02, 1.500000e+00, 1.000000e+00, 5.000000e-01, 4.000000e+00, 4.000000e+00, 4.200000e+00
9.380000e-01, 1.389859e-02, 8.007895e-02, -6.618036e-02, 1.389859e-02, 1.500000e+00, 1.000000e+00, 5.000000e-01, 4.000000e+00, 4.000000e+00, 4.200000e+00
9.385000e-01, 1.327336e-02, 8.008117e-02, -6.680782e-02, 1.327336e-02, 1.500000e+00, 1.000000e+00, 5.000000e-01, 4.000000e+00, 4.000000e+00, 4.200000e+00
9.390000e-01, 1.351681e-02, 8.008102e-02, -6.656421e-02, 1.351681e-02, 1.500000e+00, 1.000000e+00, 5.000000e-01, 4.000000e+00, 4.000000e+00, 4.200000e+00
9.395000e-01, 1.352057e-02, 8.007647e-02, -6.655590e-02, 1.352057e-02, 1.500000e+00, 1.000000e+00, 5.000000e-01, 4.000000e+00, 4.000000e+00, 4.200000e+00
9.400000e-01, 1.292213e-02, 8.007321e-02, -6.715109e-02, 1.292213e-02, 1.500000e+00, 1.000000e+00, 5.000000e-01, 4.000000e+00, 4.000000e+00, 4.200000e+00
9.405000e-01, 1.336194e-02, 8.007847e-02, -6.671654e-02, 1.336194e-02, 1.500000e+00, 1.000000e+00, 5.000000e-01, 4.000000e+00, 4.000000e+00, 4.200000e+00
9.410000e-01, 1.382080e-02, 8.008173e-02, -6.626093e-02, 1.382080e-02, 1.500000e+00, 1.000000e+00, 5.000000e-01, 4.000000e+00, 4.000000e+00, 4.200000e+00
9.415000e-01, 1.338703e-02, 8.008500e-02, -6.669798e-02, 1.338703e-02, 1.500000e+00, 1.000000e+00, 5.000000e-01, 4.000000e+00, 4.000000e+00, 4.200000e+00
9.420000e-01, 1.304415e-02, 8.007902e-02, -6.703487e-02, 1.304415e-02, 1.500000e+00, 1.000000e+00, 5.000000e-01, 4.000000e+00, 4.000000e+00, 4.200000e+00
9.425000e-01, 1.269853e-02, 8.007822e-02, -6.737969e-02, 1.269853e-02, 1.500000e+00, 1.000000e+00, 5.000000e-01, 4.000000e+00, 4.000000e+00, 4.200000e+00
9.430000e-01, 1.334464e-02, 8.008004e-02, -6.673540e-02, 1.334464e-02, 1.500000e+00, 1.000000e+00, 5.000000e-01, 4.000000e+00, 4.000000e+00, 4.200000e+00
9.435000e-01, 1.416671e-02, 8.007148e-02, -6.590477e-02, 1.416671e-02, 1.500000e+00, 1.000000e+00, 5.000000e-01, 4.000000e+00, 4.000000e+00, 4.200000e+00
9.440000e-01, 1.397467e-02, 8.008339e-02, -6.610872e-02, 1.397467e-02, 1.500000e+00, 1.000000e+00, 5.000000e-01, 4.000000e+00, 4.000000e+00, 4.200000e+00
9.445000e-01, 1.334210e-02, 8.008249e-02, -6.674038e-02, 1.334210e-02, 1.500000e+00, 1.000000e+00, 5.000000e-01, 4.000000e+00, 4.000000e+00, 4.200000e+00
9.450000e-01, 1.368820e-02, 8.009662e-02, -6.640842e-02, 1.368820e-02, 1.500000e+00, 1.000000e+00, 5.000000e-01, 4.000000e+00, 4.000000e+00, 4.200000e+00
9.455000e-01, 1.310240e-02, 8.008728e-02, -6.698488e-02, 1.310240e-02, 1.500000e+00, 1.000000e+00, 5.000000e-01, 4.000000e+00, 4.000000e+00, 4.200000e+00
9.460000e-01, 1.268879e-02, 8.008010e-02, -6.739132e-02, 1.268879e-02, 1.500000e+00, 1.000000e+00, 5.000000e-01, 4.000000e+00, 4.000000e+00, 4.200000e+00
9.465000e-01, 1.421086e-02, 8.008770e-02, -6.587685e-02, 1.421086e-02, 1.500000e+00, 1.000000e+00, 5.000000e-01, 4.000000e+00, 4.000000e+00, 4.200000e+00
9.470000e-01, 1.288066e-02, 8.008100e-02, -6.720034e-02, 1.288066e-02, 1.500000e+00, 1.000000e+00, 5.000000e-01, 4.000000e+00, 4.000000e+00, 4.200000e+00
9.475000e-01, 1.311930e-02, 8.007081e-02, -6.695152e-02, 1.311930e-02, 1.500000e+00, 1.000000e+00, 5.000000e-01, 4.000000e+00, 4.000000e+00, 4.200000e+00
9.480000e-01, 1.203453e-02, 8.007514e-02, -6.804061e-02, 1.203453e-02, 1.500000e+00, 1.000000e+00, 5.000000e-01, 4.000000e+00, 4.000000e+00, 4.200000e+00
9.485000e-01, 1.190422e-02, 8.008344e-02, -6.817923e-02, 1.190422e-02, 1.500000e+00, 1.000000e+00, 5.000000e-01, 4.000000e+00, 4.000000e+00, 4.200000e+00
9.490000e-01, 1.374120e-02, 8.008733e-02, -6.634614e-02, 1.374120e-02, 1.500000e+00, 1.000000e+00, 5.000000e-01, 4.000000e+00, 4.000000e+00, 4.200000e+00
9.495000e-01, 1.295190e-02, 8.008595e-02, -6.713405e-02, 1.295190e-02, 1.500000e+00, 1.000000e+00, 5.000000e-01, 4.000000e+00, 4.000000e+00, 4.200000e+00
9.500000e-01, 1.408985e-02, 8.009213e-02, -6.600228e-02, 1.408985e-02, 1.500000e+00, 1.000000e+00, 5.000000e-01, 4.000000e+00, 4.000000e+00, 4.200000e+00
9.505000e-01, 1.346962e-02, 8.008625e-02, -6.661663e-02, 1.346962e-02, 1.500000e+00, 1.000000e+00, 5.000000e-01, 4.000000e+00, 4.000000e+00, 4.200000e+00
9.510000e-01, 1.271954e-02, 8.008014e-02, -6.736060e-02, 1.271954e-02, 1.500000e+00, 1.000000e+00, 5.000000e-01, 4.000000e+00, 4.000000e+00, 4.200000e+00
9.515000e-01, 1.342169e-02, 8.008767e-02, -6.666599e-02, 1.342169e-02, 1.500000e+00, 1.000000e+00, 5.000000e-01, 4.000000e+00, 4.000000e+00, 4.200000e+00
9.520000e-01, 1.344098e-02, 8.008979e-02, -6.664881e-02, 1.344098e-02, 1.500000e+00, 1.000000e+00, 5.000000e-01, 4.000000e+00, 4.000000e+00, 4.200000e+00
9.525000e-01, 1.281741e-02, 8.007817e-02, -6.726075e-02, 1.281741e-02, 1.500000e+00, 1.000000e+00, 5.000000e-01, 4.000000e+00, 4.000000e+00, 4.200000e+00
9.530000e-01, 1.382740e-02, 8.007794e-02, -6.625054e-02, 1.382740e-02, 1.500000e+00, 1.000000e+00, 5.000000e-01, 4.000000e+00, 4.000000e+00, 4.200000e+00
9.535000e-01, 1.303389e-02, 8.009073e-02, -6.705685e-02, 1.303389e-02, 1.500000e+00, 1.000000e+00, 5.000000e-01, 4.000000e+00, 4.000000e+00, 4.200000e+00
9.540000e-01, 1.391398e-02, 8.008870e-02, -6.617472e-02, 1.391398e-02, 1.500000e+00, 1.000000e+00, 5.000000e-01, 4.000000e+00, 4.000000e+00, 4.200000e+00
9.545000e-01, 1.375642e-02, 8.007856e-02, -6.632214e-02, 1.375642e-02, 1.500000e+00, 1.000000e+00, 5.000000e-01, 4.000000e+00, 4.000000e+00, 4.200000e+00
9.550000e-01, 1.360139e-02, 8.008077e-02, -6.647937e-02, 1.360139e-02, 1.500000e+00, 1.000000e+00, 5.000000e-01, 4.000000e+00, 4.000000e+00, 4.200000e+00
9.555000e-01, 1.353423e-02, 8.009926e-02, -6.656504e-02, 1.353423e-02, 1.500000e+00, 1.000000e+00, 5.000000e-01, 4.000000e+00, 4.000000e+00, 4.200000e+00
9.560000e-01, 1.353136e-02, 8.009005e-02, -6.655869e-02, 1.353136e-02, 1.500000e+00, 1.000000e+00, 5.000000e-01, 4.000000e+00, 4.000000e+00, 4.200000e+00
9.565000e-01, 1.305558e-02, 8.009066e-02, -6.703508e-02, 1.305558e-02, 1.500000e+00, 1.000000e+00, 5.000000e-01, 4.000000e+00, 4.000000e+00, 4.200000e+00
9.570000e-01, 1.280229e-02, 8.008989e-02, -6.728760e-02, 1.280229e-02, 1.500000e+00, 1.000000e+00, 5.000000e-01, 4.000000e+00, 4.000000e+00, 4.200000e+00
9.575000e-01, 1.212877e-02, 8.007855e-02, -6.794978e-02, 1.212877e-02, 1.500000e+00, 1.000000e+00, 5.000000e-01, 4.000000e+00, 4.000000e+00, 4.200000e+00
9.580000e-01, 1.397969e-02, 8.008337e-02, -6.610368e-02, 1.397969e-02, 1.500000e+00, 1.000000e+00, 5.000000e-01, 4.000000e+00, 4.000000e+00, 4.200000e+00
9.585000e-01, 1.322553e-02, 8.008464e-02, -6.685911e-02, 1.322553e-02, 1.500000e+00, 1.000000e+00, 5.000000e-01, 4.000000e+00, 4.000000e+00, 4.200000e+00
9.590000e-01, 1.389485e-02, 8.008073e-02, -6.618588e-02, 1.389485e-02, 1.500000e+00, 1.000000e+00, 5.000000e-01, 4.000000e+00, 4.000000e+00, 4.200000e+00
9.595000e-01, 1.371644e-02, 8.009152e-02, -6.637509e-02, 1.371644e-02, 1.500000e+00, 1.000000e+00, 5.000000e-01, 4.000000e+00, 4.000000e+00, 4.200000e+00
9.600000e-01, 1.309109e-02, 8.008829e-02, -6.699721e-02, 1.309109e-02, 1.500000e+00, 1.000000e+00, 5.000000e-01, 4.000000e+00, 4.000000e+00, 4.200000e+00
9.605000e-01, 1.389940e-02, 8.008367e-02, -6.618426e-02, 1.389940e-02, 1.500000e+00, 1.000000e+00, 5.000000e-01, 4.000000e+00, 4.000000e+00, 4.200000e+00
9.610000e-01, 1.411599e-02, 8.008979e-02, -6.597380e-02, 1.411599e-02, 1.500000e+00, 1.000000e+00, 5.000000e-01, 4.000000e+00, 4.000000e+00, 4.200000e+00
9.615000e-01, 1.392127e-02, 8.008401e-02, -6.616274e-02, 1.392127e-02, 1.500000e+00, 1.000000e+00, 5.000000e-01, 4.000000e+00, 4.000000e+00, 4.200000e+00
9.620000e-01, 1.457698e-02, 8.009316e-02, -6.551618e-02, 1.457698e-02, 1.500000e+00, 1.000000e+00, 5.000000e-01, 4.000000e+00, 4.000000e+00, 4.200000e+00
9.625000e-01, 1.350112e-02, 8.009699e-02, -6.659587e-02, 1.350112e-02, 1.500000e+00, 1.000000e+00, 5.000000e-01, 4.000000e+00, 4.000000e+00, 4.200000e+00
9.630000e-01, 1.267798e-02, 8.009043e-02, -6.741245e-02, 1.267798e-02, 1.500000e+00, 1.000000e+00, 5.000000e-01, 4.000000e+00, 4.000000e+00, 4.200000e+00
9.635000e-01, 1.382705e-02, 8.008755e-02, -6.626050e-02, 1.382705e-02, 1.500000e+00, 1.000000e+00, 5.000000e-01, 4.000000e+00, 4.000000e+00, 4.200000e+00
9.640000e-01, 1.413527e-02, 8.008501e-02, -6.594974e-02, 1.413527e-02, 1.500000e+00, 1.000000e+00, 5.000000e-01, 4.000000e+00, 4.000000e+00, 4.200000e+00
9.645000e-01, 1.397498e-02, 8.009617e-02, -6.612120e-02, 1.397498e-02, 1.500000e+00, 1.000000e+00, 5.000000e-01, 4.000000e+00, 4.000000e+00, 4.200000e+00
9.650000e-01, 1.328606e-02, 8.008451e-02, -6.679845e-02, 1.328606e-02, 1.500000e+00, 1.000000e+00, 5.000000e-01, 4.000000e+00, 4.000000e+00, 4.200000e+00
9.655000e-01, 1.304662e-02, 8.008904e-02, -6.704242e-02, 1.304662e-02, 1.500000e+00, 1.000000e+00, 5.000000e-01, 4.000000e+00, 4.000000e+00, 4.200000e+00
9.660000e-01, 1.306555e-02, 8.008615e-02, -6.702060e-02, 1.306555e-02, 1.500000e+00, 1.000000e+00, 5.000000e-01, 4.000000e+00, 4.000000e+00, 4.200000e+00
9.665000e-01, 1.327890e-02, 8.009287e-02, -6.681397e-02, 1.327890e-02, 1.500000e+00, 1.000000e+00, 5.000000e-01, 4.000000e+00, 4.000000e+00, 4.200000e+00
9.670000e-01, 1.331364e-02, 8.008739e-02, -6.677375e-02, 1.331364e-02, 1.500000e+00, 1.000000e+00, 5.000000e-01, 4.000000e+00, 4.000000e+00, 4.200000e+00
9.675000e-01, 1.386304e-02, 8.008358e-02, -6.622054e-02, 1.386304e-02, 1.500000e+00, 1.000000e+00, 5.000000e-01, 4.000000e+00, 4.000000e+00, 4.200000e+00
9.680000e-01, 1.271111e-02, 8.009039e-02, -6.737928e-02, 1.271111e-02, 1.500000e+00, 1.000000e+00, 5.000000e-01, 4.000000e+00, 4.000000e+00, 4.200000e+00
9.685000e-01, 1.233863e-02, 8.009201e-02, -6.775338e-02, 1.233863e-02, 1.500000e+00, 1.000000e+00, 5.000000e-01, 4.000000e+00, 4.000000e+00, 4.200000e+00
9.690000e-01, 1.349596e-02, 8.009814e-02, -6.660217e-02, 1.349596e-02, 1.500000e+00, 1.000000e+00, 5.000000e-01, 4.000000e+00, 4.000000e+00, 4.200000e+00
9.695000e-01, 1.429532e-02, 8.008523e-02, -6.578991e-02, 1.429532e-02, 1.500000e+00, 1.000000e+00, 5.000000e-01, 4.000000e+00, 4.000000e+00, 4.200000e+00
9.700000e-01, 1.390917e-02, 8.010272e-02, -6.619355e-02, 1.390917e-02, 1.500000e+00, 1.000000e+00, 5.000000e-01, 4.000000e+00, 4.000000e+00, 4.200000e+00
9.705000e-01, 1.307800e-02, 8.009488e-02, -6.701688e-02, 1.307800e-02, 1.500000e+00, 1.000000e+00, 5.000000e-01, 4.000000e+00, 4.000000e+00, 4.200000e+00
9.710000e-01, 1.349807e-02, 8.009864e-02, -6.660057e-02, 1.349807e-02, 1.500000e+00, 1.000000e+00, 5.000000e-01, 4.000000e+00, 4.000000e+00, 4.200000e+00
9.715000e-01, 1.366573e-02, 8.010380e-02, -6.643807e-02, 1.366573e-02, 1.500000e+00, 1.000000e+00, 5.000000e-01, 4.000000e+00, 4.000000e+00, 4.200000e+00
9.720000e-01, 1.335363e-02, 8.009543e-02, -6.674180e-02, 1.335363e-02, 1.500000e+00, 1.000000e+00, 5.000000e-01, 4.000000e+00, 4.000000e+00, 4.200000e+00
9.725000e-01, 1.346038e-02, 8.011017e-02, -6.664979e-02, 1.346038e-02, 1.500000e+00, 1.000000e+00, 5.000000e-01, 4.000000e+00, 4.000000e+00, 4.200000e+00
9.730000e-01, 1.331327e-02, 8.009445e-02, -6.678118e-02, 1.331327e-02, 1.500000e+00, 1.000000e+00, 5.000000e-01, 4.000000e+00, 4.000000e+00, 4.200000e+00
9.735000e-01, 1.286022e-02, 8.011493e-02, -6.725471e-02, 1.286022e-02, 1.500000e+00, 1.000000e+00, 5.000000e-01, 4.000000e+00, 4.000000e+00, 4.200000e+00
9.740000e-01, 1.363305e-02, 8.011736e-02, -6.648431e-02, 1.363305e-02, 1.500000e+00, 1.000000e+00, 5.000000e-01, 4.000000e+00, 4.000000e+00, 4.200000e+00
9.745000e-01, 1.438142e-02, 8.009171e-02, -6.571029e-02, 1.438142e-02, 1.500000e+00, 1.000000e+00, 5.000000e-01, 4.000000e+00, 4.000000e+00, 4.200000e+00
9.750000e-01, 1.353968e-02, 8.011718e-02, -6.657750e-02, 1.353968e-02, 1.500000e+00, 1.000000e+00, 5.000000e-01, 4.000000e+00, 4.000000e+00, 4.200000e+00
9.755000e-01, 1.349984e-02, 8.010364e-02, -6.660379e-02, 1.349984e-02, 1.500000e+00, 1.000000e+00, 5.000000e-01, 4.000000e+00, 4.000000e+00, 4.200000e+00
9.760000e-01, 1.321085e-02, 8.012677e-02, -6.691592e-02, 1.321085e-02, 1.500000e+00, 1.000000e+00, 5.000000e-01, 4.000000e+00, 4.000000e+00, 4.200000e+00
9.765000e-01, 1.389035e-02, 8.012003e-02, -6.622968e-02, 1.389035e-02, 1.500000e+00, 1.000000e+00, 5.000000e-01, 4.000000e+00, 4.000000e+00, 4.200000e+00
9.770000e-01, 1.397303e-02, 8.012914e-02, -6.615611e-02, 1.397303e-02, 1.500000e+00, 1.000000e+00, 5.000000e-01, 4.000000e+00, 4.000000e+00, 4.200000e+00
9.775000e-01, 1.268639e-02, 8.016837e-02, -6.748198e-02, 1.268639e-02, 1.500000e+00, 1.000000e+00, 5.000000e-01, 4.000000e+00, 4.000000e+00, 4.200000e+00
9.780000e-01, 1.308594e-02, 8.012864e-02, -6.704270e-02, 1.308594e-02, 1.500000e+00, 1.000000e+00, 5.000000e-01, 4.000000e+00, 4.000000e+00, 4.200000e+00
9.785000e-01, 1.464667e-02, 9.337118e-02, -7.872451e-02, 1.464667e-02, 1.500000e+00, 1.000000e+00, 5.000000e-01, 4.000000e+00, 4.000000e+00, 4.200000e+00
9.790000e-01, 1.335103e-02, 8.768761e-02, -7.433658e-02, 1.335103e-02, 1.500000e+00, 1.000000e+00, 5.000000e-01, 4.000000e+00, 4.000000e+00, 4.200000e+00
9.795000e-01, 1.406356e-02, 9.417689e-02, -8.011333e-02, 1.406356e-02, 1.500000e+00, 1.000000e+00, 5.000000e-01, 4.000000e+00, 4.000000e+00, 4.200000e+00
9.800000e-01, 1.346384e-02, 1.661325e-01, -1.526687e-01, 1.346384e-02, 1.500000e+00, 1.000000e+00, 5.000000e-01, 4.000000e+00, 4.000000e+00, 4.200000e+00
9.805000e-01, -1.400586e-02, 1.751376e-01, -1.891435e-01, -1.400586e-02, 1.500000e+00, 1.000000e+00, 5.000000e-01, 4.000000e+00, 4.000000e+00, 4.200000e+00
9.810000e-01, 1.323051e-02, 1.784149e-01, -1.651844e-01, 1.323051e-02, 1.500000e+00, 1.000000e+00, 5.000000e-01, 4.000000e+00, 4.000000e+00, 4.200000e+00
9.815000e-01, 1.314707e-02, 2.344784e-01, -2.213313e-01, 1.314707e-02, 1.500000e+00, 1.000000e+00, 5.000000e-01, 4.000000e+00, 4.000000e+00, 4.200000e+00
9.820000e-01, -1.217644e-01, 1.648771e-01, -2.866415e-01, -1.217644e-01, 1.500000e+00, 1.000000e+00, 5.000000e-01, 4.000000e+00, 4.000000e+00, 4.200000e+00
9.825000e-01, -1.769301e-01, 1.232318e-01, -3.001619e-01, -1.769301e-01, 1.500000e+00, 1.000000e+00, 5.000000e-01, 4.000000e+00, 4.000000e+00, 4.200000e+00
9.830000e-01, -1.214694e-01, 1.731671e-01, -2.946366e-01, -1.214694e-01, 1.500000e+00, 1.000000e+00, 5.000000e-01, 4.000000e+00, 4.000000e+00, 4.200000e+00
9.835000e-01, -1.769347e-01, 1.299479e-01, -3.068826e-01, -1.769347e-01, 1.500000e+00, 1.000000e+00, 5.000000e-01, 4.000000e+00, 4.000000e+00, 4.200000e+00
9.840000e-01, -2.293620e-01, 7.930341e-02, -3.086654e-01, -2.293620e-01, 1.500000e+00, 1.000000e+00, 5.000000e-01, 4.000000e+00, 4.000000e+00, 4.200000e+00
9.845000e-01, -2.305176e-01, 8.056348e-02, -3.110811e-01, -2.305176e-01, 1.500000e+00, 1.000000e+00, 5.000000e-01, 4.000000e+00, 4.000000e+00, 4.200000e+00
9.850000e-01, -2.311568e-01, 8.058709e-02, -3.117439e-01, -2.311568e-01, 1.500000e+00, 1.000000e+00, 5.000000e-01, 4.000000e+00, 4.000000e+00, 4.200000e+00
9.855000e-01, -2.310909e-01, 8.073087e-02, -3.118218e-01, -2.310909e-01, 1.500000e+00, 1.000000e+00, 5.000000e-01, 4.000000e+00, 4.000000e+00, 4.200000e+00
9.860000e-01, -2.304505e-01, 8.080100e-02, -3.112515e-01, -2.304505e-01, 1.500000e+00, 1.000000e+00, 5.000000e-01, 4.000000e+00, 4.000000e+00, 4.200000e+00
9.865000e-01, -2.300482e-01, 8.111241e-02, -3.111606e-01, -2.300482e-01, 1.500000e+00, 1.000000e+00, 5.000000e-01, 4.000000e+00, 4.000000e+00, 4.200000e+00
9.870000e-01, -2.317030e-01, 8.148631e-02, -3.131893e-01, -2.317030e-01, 1.500000e+00, 1.000000e+00, 5.000000e-01, 4.000000e+00, 4.000000e+00, 4.200000e+00
9.875000e-01, -2.298691e-01, 8.307030e-02, -3.129394e-01, -2.298691e-01, 1.500000e+00, 1.000000e+00, 5.000000e-01, 4.000000e+00, 4.000000e+00, 4.200000e+00
9.880000e-01, -2.308411e-01, 8.255944e-02, -3.134005e-01, -2.308411e-01, 1.500000e+00, 1.000000e+00, 5.000000e-01, 4.000000e+00, 4.000000e+00, 4.200000e+00
9.885000e-01, -2.308948e-01, 8.407127e-02, -3.149660e-01, -2.308948e-01, 1.500000e+00, 1.000000e+00, 5.000000e-01, 4.000000e+00, 4.000000e+00, 4.200000e+00
9.890000e-01, -2.312009e-01, 8.386826e-02, -3.150692e-01, -2.312009e-01, 1.500000e+00, 1.000000e+00, 5.000000e-01, 4.000000e+00, 4.000000e+00, 4.200000e+00
9.895000e-01, -2.312740e-01, 8.860505e-02, -3.198791e-01, -2.312740e-01, 1.500000e+00, 1.000000e+00, 5.000000e-01, 4.000000e+00, 4.000000e+00, 4.200000e+00
9.900000e-01, -2.301147e-01, 8.662084e-02, -3.167356e-01, -2.301147e-01, 1.500000e+00, 1.000000e+00, 5.000000e-01, 4.000000e+00, 4.000000e+00, 4.200000e+00
9.905000e-01, -2.303982e-01, 9.459427e-02, -3.249925e-01, -2.303982e-01, 1.500000e+00, 1.000000e+00, 5.000000e-01, 4.000000e+00, 4.000000e+00, 4.200000e+00
9.910000e-01, -2.317868e-01, 9.391883e-02, -3.257056e-01, -2.317868e-01, 1.500000e+00, 1.000000e+00, 5.000000e-01, 4.000000e+00, 4.000000e+00, 4.200000e+00
9.915000e-01, -2.308088e-01, 1.033917e-01, -3.342005e-01, -2.308088e-01, 1.500000e+00, 1.000000e+00, 5.000000e-01, 4.000000e+00, 4.000000e+00, 4.200000e+00
9.920000e-01, -2.316821e-01, 1.008829e-01, -3.325650e-01, -2.316821e-01, 1.500000e+00, 1.000000e+00, 5.000000e-01, 4.000000e+00, 4.000000e+00, 4.200000e+00
9.925000e-01, -2.304607e-01, 1.081432e-01, -3.386038e-01, -2.304607e-01, 1.500000e+00, 1.000000e+00, 5.000000e-01, 4.000000e+00, 4.000000e+00, 4.200000e+00
9.930000e-01, -2.296790e-01, 1.156037e-01, -3.452827e-01, -2.296790e-01, 1.500000e+00, 1.000000e+00, 5.000000e-01, 4.000000e+00, 4.000000e+00, 4.200000e+00
9.935000e-01, -2.313370e-01, 1.186207e-01, -3.499577e-01, -2.313370e-01, 1.500000e+00, 1.000000e+00, 5.000000e-01, 4.000000e+00, 4.000000e+00, 4.200000e+00
9.940000e-01, -2.305744e-01, 1.228367e-01, -3.534111e-01, -2.305744e-01, 1.500000e+00, 1.000000e+00, 5.000000e-01, 4.000000e+00, 4.000000e+00, 4.200000e+00
9.945000e-01, -2.311239e-01, 1.322030e-01, -3.633269e-01, -2.311239e-01, 1.500000e+00, 1.000000e+00, 5.000000e-01, 4.000000e+00, 4.000000e+00, 4.200000e+00
9.950000e-01, -2.305279e-01, 1.355729e-01, -3.661008e-01, -2.305279e-01, 1.500000e+00, 1.000000e+00, 5.000000e-01, 4.000000e+00, 4.000000e+00, 4.200000e+00
9.955000e-01, -2.318454e-01, 1.352409e-01, -3.670863e-01, -2.318454e-01, 1.500000e+00, 1.000000e+00, 5.000000e-01, 4.000000e+00, 4.000000e+00, 4.200000e+00
9.960000e-01, -2.266411e-01, 1.472097e-01, -3.738508e-01, -2.266411e-01, 1.500000e+00, 1.000000e+00, 5.000000e-01, 4.000000e+00, 4.000000e+00, 4.200000e+00
9.965000e-01, -2.269961e-01, 1.527431e-01, -3.797392e-01, -2.269961e-01, 1.500000e+00, 1.000000e+00, 5.000000e-01, 4.000000e+00, 4.000000e+00, 4.200000e+00
9.970000e-01, -2.165258e-01, 1.631762e-01, -3.797021e-01, -2.165258e-01, 1.500000e+00, 1.000000e+00, 5.000000e-01, 4.000000e+00, 4.000000e+00, 4.200000e+00
9.975000e-01, -2.236715e-01, 1.659302e-01, -3.896017e-01, -2.236715e-01, 1.500000e+00, 1.000000e+00, 5.000000e-01, 4.000000e+00, 4.000000e+00, 4.200000e+00
9.980000e-01, -1.908473e-01, 2.074982e-01, -3.983455e-01, -1.908473e-01, 1.500000e+00, 1.000000e+00, 5.000000e-01, 4.000000e+00, 4.000000e+00, 4.200000e+00
9.985000e-01, -1.702657e-01, 2.311224e-01, -4.013880e-01, -1.702657e-01, 1.500000e+00, 1.000000e+00, 5.000000e-01, 4.000000e+00, 4.000000e+00, 4.200000e+00
9.990000e-01, -1.739053e-01, 2.322435e-01, -4.061488e-01, -1.739053e-01, 1.500000e+00, 1.000000e+00, 5.000000e-01, 4.000000e+00, 4.000000e+00, 4.200000e+00
9.995000e-01, -9.703933e-02, 3.183602e-01, -4.153995e-01, -9.703933e-02, 1.500000e+00, 1.000000e+00, 5.000000e-01, 4.000000e+00, 4.000000e+00, 4.200000e+00
1.000000e+00, -1.004145e-01, 3.173266e-01, -4.177410e-01, -1.004145e-01, 1.500000e+00, 1.000000e+00, 5.000000e-01, 4.000000e+00, 4.000000e+00, 4.200000e+00
1.000500e+00, -6.925837e-02, 3.505524e-01, -4.198108e-01, -6.925837e-02, 1.500000e+00, 1.000000e+00, 5.000000e-01, 4.000000e+00, 4.000000e+00, 4.200000e+00
1.001000e+00, -4.071152e-02, 3.772327e-01, -4.179442e-01, -4.071152e-02, 1.500000e+00, 1.000000e+00, 5.000000e-01, 4.000000e+00, 4.000000e+00, 4.200000e+00
1.001500e+00, -4.409181e-02, 3.859606e-01, -4.300524e-01, -4.409181e-02, 1.500000e+00, 1.000000e+00, 5.000000e-01, 4.000000e+00, 4.000000e+00, 4.200000e+00
1.002000e+00, -3.987980e-02, 3.874636e-01, -4.273434e-01, -3.987980e-02, 1.500000e+00, 1.000000e+00, 5.000000e-01, 4.000000e+00, 4.000000e+00, 4.200000e+00
1.002500e+00, 1.294908e-02, 4.342290e-01, -4.212799e-01, 1.294908e-02, 1.500000e+00, 1.000000e+00, 5.000000e-01, 4.000000e+00, 4.000000e+00, 4.200000e+00
1.003000e+00, 1.300583e-02, 4.319872e-01, -4.189814e-01, 1.300583e-02, 1.500000e+00, 1.000000e+00, 5.000000e-01, 4.000000e+00, 4.000000e+00, 4.200000e+00
1.003500e+00, 1.054057e-02, 4.339714e-01, -4.234309e-01, 1.054057e-02, 1.500000e+00, 1.000000e+00, 5.000000e-01, 4.000000e+00, 4.000000e+00, 4.200000e+00
1.004000e+00, 1.302656e-02, 4.448586e-01, -4.318320e-01, 1.302656e-02, 1.500000e+00, 1.000000e+00, 5.000000e-01, 4.000000e+00, 4.000000e+00, 4.200000e+00
1.004500e+00, 1.485930e-02, 4.509843e-01, -4.361250e-01, 1.485930e-02, 1.500000e+00, 1.000000e+00, 5.000000e-01, 4.000000e+00, 4.000000e+00, 4.200000e+00
1.005000e+00, 1.420597e-02, 4.509385e-01, -4.367325e-01, 1.420597e-02, 1.500000e+00, 1.000000e+00, 5.000000e-01, 4.000000e+00, 4.000000e+00, 4.200000e+00
1.005500e+00, 1.378755e-02, 4.563384e-01, -4.425508e-01, 1.378755e-02, 1.500000e+00, 1.000000e+00, 5.000000e-01, 4.000000e+00, 4.000000e+00, 4.200000e+00
1.006000e+00, 1.281454e-02, 4.567809e-01, -4.439663e-01, 1.281454e-02, 1.500000e+00, 1.000000e+00, 5.000000e-01, 4.000000e+00, 4.000000e+00, 4.200000e+00
1.006500e+00, 1.253914e-02, 4.621423e-01, -4.496031e-01, 1.253914e-02, 1.500000e+00, 1.000000e+00, 5.000000e-01, 4.000000e+00, 4.000000e+00, 4.200000e+00
1.007000e+00, 1.356494e-02, 4.698939e-01, -4.563290e-01, 1.356494e-02, 1.500000e+00, 1.000000e+00, 5.000000e-01, 4.000000e+00, 4.000000e+00, 4.200000e+00
1.007500e+00, 1.358638e-02, 4.726478e-01, -4.590614e-01, 1.358638e-02, 1.500000e+00, 1.000000e+00, 5.000000e-01, 4.000000e+00, 4.000000e+00, 4.200000e+00
1.008000e+00, 1.362089e-02, 4.789724e-01, -4.653516e-01, 1.362089e-02, 1.500000e+00, 1.000000e+00, 5.000000e-01, 4.000000e+00, 4.000000e+00, 4.200000e+00
1.008500e+00, 1.379667e-02, 4.842085e-01, -4.704119e-01, 1.379667e-02, 1.500000e+00, 1.000000e+00, 5.000000e-01, 4.000000e+00, 4.000000e+00, 4.200000e+00
1.009000e+00, 1.452268e-02, 4.924749e-01, -4.779522e-01, 1.452268e-02, 1.500000e+00, 1.000000e+00, 5.000000e-01, 4.000000e+00, 4.000000e+00, 4.200000e+00
1.009500e+00, 1.476004e-02, 4.991395e-01, -4.843795e-01, 1.476004e-02, 1.500000e+00, 1.000000e+00, 5.000000e-01, 4.000000e+00, 4.000000e+00, 4.200000e+00
1.010000e+00, 1.515510e-02, 5.106790e-01, -4.955239e-01, 1.515510e-02, 1.500000e+00, 1.000000e+00, 5.000000e-01, 4.000000e+00, 4.000000e+00, 4.200000e+00
1.010500e+00, 9.809626e-03, 5.105919e-01, -5.007823e-01, 9.809626e-03, 1.500000e+00, 1.000000e+00, 5.000000e-01, 4.000000e+00, 4.000000e+00, 4.200000e+00
1.011000e+00, 1.094376e-02, 5.299794e-01, -5.190357e-01, 1.094376e-02, 1.500000e+00, 1.000000e+00, 5.000000e-01, 4.000000e+00, 4.000000e+00, 4.200000e+00
1.011500e+00, 1.323839e-02, 5.314159e-01, -5.181775e-01, 1.323839e-02, 1.500000e+00, 1.000000e+00, 5.000000e-01, 4.000000e+00, 4.000000e+00, 4.200000e+00
1.012000e+00, 1.299828e-02, 5.455017e-01, -5.325034e-01, 1.299828e-02, 1.500000e+00, 1.000000e+00, 5.000000e-01, 4.000000e+00, 4.000000e+00, 4.200000e+00
1.012500e+00, 1.370742e-02, 5.462553e-01, -5.325479e-01, 1.370742e-02, 1.500000e+00, 1.000000e+00, 5.000000e-01, 4.000000e+00, 4.000000e+00, 4.200000e+00
1.013000e+00, 1.360557e-02, 5.536566e-01, -5.400510e-01, 1.360557e-02, 1.500000e+00, 1.000000e+00, 5.000000e-01, 4.000000e+00, 4.000000e+00, 4.200000e+00
1.013500e+00, 1.382462e-02, 5.543312e-01, -5.405066e-01, 1.382462e-02, 1.500000e+00, 1.000000e+00, 5.000000e-01, 4.000000e+00, 4.000000e+00, 4.200000e+00
1.014000e+00, 1.345967e-02, 5.625771e-01, -5.491174e-01, 1.345967e-02, 1.500000e+00, 1.000000e+00, 5.000000e-01, 4.000000e+00, 4.000000e+00, 4.200000e+00
1.014500e+00, 1.342124e-02, 5.663784e-01, -5.529571e-01, 1.342124e-02, 1.500000e+00, 1.000000e+00, 5.000000e-01, 4.000000e+00, 4.000000e+00, 4.200000e+00
1.015000e+00, 1.338079e-02, 5.687782e-01, -5.553974e-01, 1.338079e-02, 1.500000e+00, 1.000000e+00, 5.000000e-01, 4.000000e+00, 4.000000e+00, 4.200000e+00
1.015500e+00, 1.417802e-02, 5.696406e-01, -5.554626e-01, 1.417802e-02, 1.500000e+00, 1.000000e+00, 5.000000e-01, 4.000000e+00, 4.000000e+00, 4.200000e+00
1.016000e+00, 1.345183e-02, 5.702170e-01, -5.567651e-01, 1.345183e-02, 1.500000e+00, 1.000000e+00, 5.000000e-01, 4.000000e+00, 4.000000e+00, 4.200000e+00
1.016500e+00, 1.274541e-02, 5.704264e-01, -5.576810e-01, 1.274541e-02, 1.500000e+00, 1.000000e+00, 5.000000e-01, 4.000000e+00, 4.000000e+00, 4.200000e+00
1.017000e+00, 1.468765e-02, 5.710948e-01, -5.564072e-01, 1.468765e-02, 1.500000e+00, 1.000000e+00, 5.000000e-01, 4.000000e+00, 4.000000e+00, 4.200000e+00
1.017500e+00, 1.305951e-02, 5.719049e-01, -5.588454e-01, 1.305951e-02, 1.500000e+00, 1.000000e+00, 5.000000e-01, 4.000000e+00, 4.000000e+00, 4.200000e+00
1.018000e+00, 1.316083e-02, 5.727907e-01, -5.596299e-01, 1.316083e-02, 1.500000e+00, 1.000000e+00, 5.000000e-01, 4.000000e+00, 4.000000e+00, 4.200000e+00
1.018500e+00, 1.380098e-02, 5.735448e-01, -5.597438e-01, 1.380098e-02, 1.500000e+00, 1.000000e+00, 5.000000e-01, 4.000000e+00, 4.000000e+00, 4.200000e+00
1.019000e+00, 1.590559e-02, 5.749124e-01, -5.590068e-01, 1.590559e-02, 1.500000e+00, 1.000000e+00, 5.000000e-01, 4.000000e+00, 4.000000e+00, 4.200000e+00
1.019500e+00, 1.525423e-02, 5.770498e-01, -5.617956e-01, 1.525423e-02, 1.500000e+00, 1.000000e+00, 5.000000e-01, 4.000000e+00, 4.000000e+00, 4.200000e+00
1.020000e+00, 1.418051e-02, 5.799221e-01, -5.657416e-01, 1.418051e-02, 1.500000e+00, 1.000000e+00, 5.000000e-01, 4.000000e+00, 4.000000e+00, 4.200000e+00
1.020500e+00, 1.560422e-02, 5.810635e-01, -5.654593e-01, 1.560422e-02, 1.500000e+00, 1.000000e+00, 5.000000e-01, 4.000000e+00, 4.000000e+00, 4.200000e+00
1.021000e+00, 1.469693e-02, 5.845229e-01, -5.698260e-01, 1.469693e-02, 1.500000e+00, 1.000000e+00, 5.000000e-01, 4.000000e+00, 4.000000e+00, 4.200000e+00
1.021500e+00, 1.489044e-02, 5.855639e-01, -5.706734e-01, 1.489044e-02, 1.500000e+00, 1.000000e+00, 5.000000e-01, 4.000000e+00, 4.000000e+00, 4.200000e+00
1.022000e+00, 1.532152e-02, 5.883309e-01, -5.730094e-01, 1.532152e-02, 1.500000e+00, 1.000000e+00, 5.000000e-01, 4.000000e+00, 4.000000e+00, 4.200000e+00
1.022500e+00, 1.563214e-02, 5.929732e-01, -5.773410e-01, 1.563214e-02, 1.500000e+00, 1.000000e+00, 5.000000e-01, 4.000000e+00, 4.000000e+00, 4.200000e+00
1.023000e+00, 1.546174e-02, 5.974319e-01, -5.819701e-01, 1.546174e-02, 1.500000e+00, 1.000000e+00, 5.000000e-01, 4.000000e+00, 4.000000e+00, 4.200000e+00
1.023500e+00, 1.568107e-02, 6.010660e-01, -5.853850e-01, 1.568107e-02, 1.500000e+00, 1.000000e+00, 5.000000e-01, 4.000000e+00, 4.000000e+00, 4.200000e+00
1.024000e+00, 1.560554e-02, 6.049343e-01, -5.893288e-01, 1.560554e-02, 1.500000e+00, 1.000000e+00, 5.000000e-01, 4.000000e+00, 4.000000e+00, 4.200000e+00
1.024500e+00, 1.686724e-02, 6.100404e-01, -5.931732e-01, 1.686724e-02, 1.500000e+00, 1.000000e+00, 5.000000e-01, 4.000000e+00, 4.000000e+00, 4.200000e+00
1.025000e+00, 1.806097e-02, 6.151992e-01, -5.971383e-01, 1.806097e-02, 1.500000e+00, 1.000000e+00, 5.000000e-01, 4.000000e+00, 4.000000e+00, 4.200000e+00
1.025500e+00, 1.902915e-02, 6.185519e-01, -5.995228e-01, 1.902915e-02, 1.500000e+00, 1.000000e+00, 5.000000e-01, 4.000000e+00, 4.000000e+00, 4.200000e+00
1.026000e+00, 1.735755e-02, 6.226617e-01, -6.053042e-01, 1.735755e-02, 1.500000e+00, 1.000000e+00, 5.000000e-01, 4.000000e+00, 4.000000e+00, 4.200000e+00
1.026500e+00, 1.774717e-02, 6.268248e-01, -6.090777e-01, 1.774717e-02, 1.500000e+00, 1.000000e+00, 5.000000e-01, 4.000000e+00, 4.000000e+00, 4.200000e+00
1.027000e+00, 1.897084e-02, 6.332950e-01, -6.143242e-01, 1.897084e-02, 1.500000e+00, 1.000000e+00, 5.000000e-01, 4.000000e+00, 4.000000e+00, 4.200000e+00
1.027500e+00, 2.074518e-02, 6.357376e-01, -6.149924e-01, 2.074518e-02, 1.500000e+00, 1.000000e+00, 5.000000e-01, 4.000000e+00, 4.000000e+00, 4.200000e+00
1.028000e+00, 2.018960e-02, 6.392820e-01, -6.190924e-01, 2.018960e-02, 1.500000e+00, 1.000000e+00, 5.000000e-01, 4.000000e+00, 4.000000e+00, 4.200000e+00
1.028500e+00, 2.247353e-02, 6.452453e-01, -6.227717e-01, 2.247353e-02, 1.500000e+00, 1.000000e+00, 5.000000e-01, 4.000000e+00, 4.000000e+00, 4.200000e+00
1.029000e+00, 2.363854e-02, 6.501569e-01, -6.265184e-01, 2.363854e-02, 1.500000e+00, 1.000000e+00, 5.000000e-01, 4.000000e+00, 4.000000e+00, 4.200000e+00
1.029500e+00, 2.117776e-02, 6.532101e-01, -6.320324e-01, 2.117776e-02, 1.500000e+00, 1.000000e+00, 5.000000e-01, 4.000000e+00, 4.000000e+00, 4.200000e+00
1.030000e+00, 2.295967e-02, 6.572294e-01, -6.342697e-01, 2.295967e-02, 1.500000e+00, 1.000000e+00, 5.000000e-01, 4.000000e+00, 4.000000e+00, 4.200000e+00
1.030500e+00, 2.265141e-02, 6.609731e-01, -6.383217e-01, 2.265141e-02, 1.500000e+00, 1.000000e+00, 5.000000e-01, 4.000000e+00, 4.000000e+00, 4.200000e+00
1.031000e+00, 2.482365e-02, 6.666568e-01, -6.418332e-01, 2.482365e-02, 1.500000e+00, 1.000000e+00, 5.000000e-01, 4.000000e+00, 4.000000e+00, 4.200000e+00
1.031500e+00, 2.730989e-02, 6.712006e-01, -6.438907e-01, 2.730989e-02, 1.500000e+00, 1.000000e+00, 5.000000e-01, 4.000000e+00, 4.000000e+00, 4.200000e+00
1.032000e+00, 2.911217e-02, 6.763634e-01, -6.472512e-01, 2.911217e-02, 1.500000e+00, 1.000000e+00, 5.000000e-01, 4.000000e+00, 4.000000e+00, 4.200000e+00
1.032500e+00, 2.512157e-02, 6.784883e-01, -6.533667e-01, 2.512157e-02, 1.500000e+00, 1.000000e+00, 5.000000e-01, 4.000000e+00, 4.000000e+00, 4.200000e+00
1.033000e+00, 2.843816e-02, 6.834716e-01, -6.550334e-01, 2.843816e-02, 1.500000e+00, 1.000000e+00, 5.000000e-01, 4.000000e+00, 4.000000e+00, 4.200000e+00
1.033500e+00, 2.699935e-02, 6.846199e-01, -6.576206e-01, 2.699935e-02, 1.500000e+00, 1.000000e+00, 5.000000e-01, 4.000000e+00, 4.000000e+00, 4.200000e+00
1.034000e+00, 2.777392e-02, 6.908915e-01, -6.631175e-01, 2.777392e-02, 1.500000e+00, 1.000000e+00, 5.000000e-01, 4.000000e+00, 4.000000e+00, 4.200000e+00
1.034500e+00, 2.942709e-02, 6.943175e-01, -6.648904e-01, 2.942709e-02, 1.500000e+00, 1.000000e+00, 5.000000e-01, 4.000000e+00, 4.000000e+00, 4.200000e+00
1.035000e+00, 2.742636e-02, 6.975263e-01, -6.701000e-01, 2.742636e-02, 1.500000e+00, 1.000000e+00, 5.000000e-01, 4.000000e+00, 4.000000e+00, 4.200000e+00
